301 191 5
301 204 5
301 269 5
301 283 4
301 423 3
301 484 2
301 515 5
301 604 5
302 243 1
302 269 5
302 286 4
302 313 5
302 315 1
302 326 5
302 328 1
302 333 5
302 678 5
303 258 5
303 268 3
303 269 5
303 294 5
303 300 5
303 303 4
303 305 5
303 325 5
303 333 5
303 340 1
303 682 4
303 995 5
304 64 5
304 143 1
304 194 5
304 245 5
304 286 5
304 418 5
304 480 5
304 492 1
304 604 5
304 606 5
304 705 5
305 137 5
305 272 5
305 327 4
305 650 5
305 651 5
305 750 5
305 886 5
306 121 5
306 126 1
306 127 5
306 151 5
306 252 5
306 289 1
306 405 3
306 924 5
307 111 3
307 118 5
307 181 5
307 220 2
307 252 5
307 258 5
307 298 1
307 301 3
307 471 4
307 476 1
307 546 5
307 845 5
307 926 5
308 245 5
308 288 2
308 300 5
308 873 5
308 879 5
309 268 2
309 270 5
309 292 5
309 300 5
309 302 5
309 310 5
309 313 5
309 332 5
309 346 5
309 682 5
309 690 2
309 880 2
310 21 5
310 94 5
310 181 5
310 240 3
310 300 5
310 596 5
310 597 5
311 64 5
311 111 5
311 151 5
311 251 1
311 257 5
311 272 5
311 750 5
311 751 5
312 1 4
312 9 5
312 100 5
312 129 1
312 268 2
312 276 5
312 286 5
312 300 5
312 742 1
313 243 1
313 286 4
313 288 1
313 310 5
313 313 5
313 315 1
313 323 5
313 333 5
313 748 5
314 258 5
314 272 5
314 288 1
314 319 3
314 362 5
314 882 5
314 891 5
315 243 1
315 259 5
315 288 1
315 294 5
315 321 5
315 339 3
315 342 5
315 359 5
315 410 4
315 597 5
315 687 3
315 875 5
315 988 5
316 14 1
316 237 5
316 245 5
316 272 5
316 313 5
316 321 5
316 676 5
317 272 5
317 315 2
317 316 5
317 319 2
317 345 5
318 98 3
318 173 5
318 245 5
318 269 5
318 286 4
318 288 1
318 294 5
318 301 4
318 313 5
318 315 2
318 347 2
318 752 5
319 271 5
319 288 2
319 289 2
319 301 3
319 304 3
319 308 1
319 310 5
319 331 3
319 338 5
319 877 5
319 938 5
319 989 2
320 269 5
320 271 5
320 288 1
320 294 5
320 300 5
320 305 5
320 325 5
320 327 3
320 333 5
320 343 5
320 890 5
321 100 5
321 150 5
321 151 5
321 168 5
321 191 5
321 194 5
321 198 5
321 205 5
321 222 5
321 276 5
321 288 2
321 313 5
321 682 5
321 902 3
322 1 3
322 24 4
322 147 1
322 254 1
322 405 3
322 410 4
322 471 3
322 473 1
322 742 1
323 100 5
323 264 4
323 328 1
323 456 5
323 687 5
323 876 5
323 881 5
323 948 5
324 245 5
324 270 5
324 289 1
324 294 5
324 309 5
324 322 5
324 328 1
324 879 5
325 237 5
325 271 4
325 278 1
325 288 1
325 298 1
325 300 5
325 313 5
325 328 1
325 343 5
325 682 5
325 742 1
325 763 3
326 13 5
326 25 1
326 100 5
326 111 5
326 116 5
326 150 5
326 235 5
326 283 4
326 306 2
326 476 1
326 756 3
327 258 5
327 300 5
327 303 5
327 319 3
327 333 5
327 334 5
328 14 1
328 50 5
328 222 5
328 258 5
328 748 5
328 832 5
328 845 5
329 245 5
329 264 5
329 268 2
329 322 5
329 323 5
329 328 1
329 354 3
329 678 5
329 748 5
329 879 5
330 259 5
330 267 5
330 268 3
330 301 3
330 306 1
330 333 5
330 338 4
330 346 5
330 682 5
330 751 5
330 879 5
331 1 3
331 5 5
331 7 5
331 8 5
331 9 5
331 11 3
331 12 3
331 22 5
331 31 2
331 38 5
331 53 2
331 54 5
331 56 2
331 70 5
331 73 4
331 77 2
331 79 2
331 82 5
331 95 3
331 96 5
331 97 1
331 98 3
331 105 5
331 106 4
331 117 4
331 118 3
331 120 5
331 121 5
331 122 5
331 123 5
331 125 2
331 127 5
331 144 5
331 156 2
331 159 5
331 172 5
331 174 5
331 181 5
331 182 5
331 204 5
331 210 5
331 218 5
331 222 5
331 227 5
331 228 4
331 229 4
331 230 5
331 232 5
331 233 5
331 234 5
331 235 5
331 237 5
331 240 1
331 249 3
331 255 5
331 257 5
331 258 5
331 264 4
331 265 5
331 271 3
331 273 1
331 282 2
331 288 1
331 291 5
331 293 5
331 294 5
331 295 5
331 298 1
331 300 5
331 307 5
331 313 5
331 322 5
331 323 5
331 326 5
331 327 4
331 328 1
331 332 4
331 333 5
331 342 5
331 356 4
331 369 1
331 370 3
331 405 4
331 406 5
331 409 3
331 410 3
331 449 5
331 450 5
331 451 1
331 452 5
331 456 5
331 470 2
331 546 5
331 566 4
331 595 5
331 597 5
331 628 5
331 651 3
331 655 5
331 660 5
331 673 2
331 679 5
331 684 2
331 693 1
331 696 5
331 728 5
331 746 5
331 756 3
331 763 3
331 770 5
331 815 5
331 824 1
331 827 5
331 831 5
331 833 4
331 840 3
331 841 5
331 845 5
331 866 2
331 871 5
331 879 4
331 895 5
331 928 1
331 931 5
331 934 5
331 975 4
331 978 5
331 982 4
331 983 3
332 88 5
332 153 1
332 168 5
332 180 5
332 186 5
332 269 5
332 294 5
332 315 2
332 316 5
332 435 5
332 513 2
332 748 5
332 873 5
333 4 5
333 7 5
333 8 5
333 9 5
333 12 1
333 13 5
333 19 3
333 20 5
333 22 5
333 23 3
333 28 2
333 42 5
333 50 5
333 52 5
333 56 3
333 58 1
333 59 4
333 61 5
333 68 5
333 69 5
333 70 5
333 72 5
333 73 5
333 74 1
333 77 1
333 79 3
333 81 4
333 86 5
333 89 5
333 91 5
333 93 5
333 95 3
333 98 3
333 100 5
333 111 4
333 115 4
333 116 5
333 117 4
333 124 4
333 125 3
333 127 5
333 131 5
333 132 5
333 134 5
333 135 5
333 143 1
333 150 5
333 153 3
333 154 3
333 155 5
333 160 3
333 163 5
333 164 5
333 168 5
333 169 5
333 170 5
333 171 5
333 172 5
333 173 5
333 174 5
333 175 2
333 176 5
333 181 5
333 182 5
333 183 5
333 185 4
333 186 5
333 191 5
333 196 2
333 197 4
333 200 5
333 203 5
333 204 5
333 207 4
333 210 5
333 213 5
333 216 5
333 217 5
333 220 1
333 221 2
333 222 5
333 223 5
333 224 5
333 225 5
333 227 5
333 228 5
333 229 5
333 230 5
333 231 5
333 235 5
333 237 5
333 238 2
333 239 5
333 244 3
333 245 5
333 248 1
333 250 5
333 255 4
333 257 5
333 258 5
333 265 5
333 268 1
333 269 4
333 271 4
333 272 4
333 275 5
333 276 5
333 277 5
333 282 3
333 283 5
333 285 5
333 286 3
333 287 5
333 288 1
333 289 1
333 293 5
333 297 5
333 300 5
333 301 2
333 303 5
333 305 2
333 306 1
333 310 5
333 311 1
333 312 2
333 313 5
333 315 1
333 316 5
333 317 3
333 318 5
333 319 2
333 322 5
333 324 1
333 326 5
333 328 1
333 333 5
333 337 5
333 338 4
333 340 1
333 345 5
333 346 5
333 347 2
333 371 2
333 396 1
333 405 3
333 408 3
333 421 5
333 423 4
333 425 5
333 428 5
333 429 5
333 430 1
333 433 4
333 436 5
333 443 3
333 449 5
333 450 5
333 461 5
333 462 5
333 474 2
333 475 1
333 476 1
333 481 1
333 483 5
333 484 4
333 485 5
333 488 4
333 494 5
333 498 5
333 500 5
333 502 5
333 505 4
333 506 5
333 508 5
333 510 5
333 512 5
333 514 5
333 515 5
333 521 3
333 525 5
333 529 5
333 537 2
333 553 5
333 558 5
333 566 4
333 577 2
333 582 5
333 591 5
333 603 1
333 606 5
333 607 5
333 620 5
333 628 5
333 629 5
333 631 3
333 634 5
333 635 5
333 640 5
333 642 5
333 652 5
333 655 5
333 657 1
333 658 5
333 663 2
333 675 5
333 678 5
333 684 2
333 689 3
333 693 2
333 707 5
333 708 2
333 709 5
333 710 4
333 712 4
333 716 5
333 736 5
333 740 1
333 742 1
333 744 1
333 746 5
333 753 5
333 762 3
333 792 3
333 815 5
333 840 3
333 845 5
333 846 5
333 855 5
333 856 5
333 865 5
333 870 5
333 877 5
333 879 3
333 886 5
333 887 5
333 888 3
333 896 5
333 899 1
333 902 2
333 905 5
333 906 4
333 922 5
333 931 3
333 936 5
333 937 5
333 945 5
333 950 4
333 955 3
333 961 5
333 969 2
334 245 5
334 258 5
334 269 5
334 288 1
334 307 5
334 313 5
334 324 3
334 342 5
334 347 2
334 748 5
334 902 3
335 3 5
335 4 5
335 13 5
335 15 3
335 26 1
335 33 5
335 41 2
335 42 5
335 49 5
335 56 2
335 66 1
335 67 2
335 88 5
335 94 5
335 100 5
335 105 5
335 111 2
335 117 4
335 121 2
335 122 5
335 124 5
335 125 5
335 151 5
335 153 2
335 154 1
335 158 1
335 168 5
335 186 5
335 202 5
335 208 5
335 216 5
335 232 5
335 237 2
335 239 3
335 275 5
335 276 2
335 282 3
335 284 5
335 290 5
335 367 4
335 383 4
335 388 3
335 395 1
335 401 3
335 405 3
335 410 3
335 451 3
335 475 1
335 546 5
335 571 5
335 577 1
335 619 5
335 628 5
335 655 5
335 692 3
335 710 4
335 722 3
335 732 5
335 738 4
335 742 1
335 762 2
335 763 4
335 765 5
335 780 3
335 781 5
335 785 5
335 790 5
335 796 2
335 824 1
335 859 5
335 864 4
335 959 2
335 998 1
335 999 5
336 15 5
336 50 5
336 106 5
336 121 5
336 127 5
336 181 5
336 228 4
336 230 5
336 235 5
336 257 5
336 371 2
336 380 5
336 392 4
336 515 5
336 520 4
336 631 4
336 742 1
336 831 5
337 1 4
337 56 1
337 79 1
337 83 5
337 132 5
337 133 5
337 134 5
337 135 5
337 168 5
337 170 5
337 174 5
337 175 4
337 180 5
337 189 4
337 194 5
337 204 5
337 208 5
337 211 4
337 212 5
337 213 5
337 215 1
337 216 4
337 269 5
337 294 5
337 301 3
337 306 2
337 310 5
337 435 5
337 443 5
337 462 5
337 474 1
337 480 5
337 483 5
337 484 2
337 486 5
337 488 5
337 490 5
337 494 5
337 498 5
337 511 2
337 513 3
337 514 5
337 516 3
337 523 5
337 525 5
337 582 5
337 604 5
337 607 5
337 613 5
337 650 5
337 654 5
337 708 5
337 792 2
337 945 5
338 1 3
338 4 5
338 5 5
338 7 5
338 11 5
338 12 5
338 22 5
338 23 5
338 25 1
338 28 2
338 29 5
338 30 5
338 32 2
338 42 5
338 47 5
338 50 5
338 55 4
338 56 3
338 58 1
338 64 5
338 65 1
338 67 3
338 69 4
338 73 5
338 74 5
338 76 5
338 79 2
338 80 4
338 81 5
338 82 5
338 86 5
338 88 5
338 89 5
338 91 5
338 97 1
338 98 4
338 100 5
338 101 5
338 117 5
338 121 5
338 124 5
338 126 2
338 127 5
338 130 5
338 131 5
338 132 5
338 133 5
338 134 5
338 135 5
338 136 5
338 139 5
338 144 5
338 145 5
338 150 5
338 151 5
338 153 2
338 154 2
338 156 2
338 157 2
338 159 5
338 160 1
338 161 5
338 163 4
338 167 5
338 168 5
338 170 5
338 174 5
338 175 3
338 179 5
338 180 4
338 181 5
338 183 5
338 186 5
338 188 5
338 190 5
338 191 5
338 192 4
338 194 5
338 195 5
338 196 1
338 197 5
338 198 5
338 199 5
338 203 5
338 204 5
338 205 5
338 208 5
338 209 5
338 214 3
338 222 5
338 226 1
338 227 5
338 228 3
338 231 5
338 233 5
338 235 5
338 238 4
338 240 3
338 248 1
338 257 5
338 258 5
338 265 5
338 269 5
338 270 5
338 276 5
338 286 4
338 288 2
338 298 1
338 302 5
338 317 3
338 327 4
338 347 2
338 357 1
338 380 4
338 383 4
338 402 5
338 403 1
338 404 3
338 410 3
338 411 5
338 415 5
338 427 3
338 428 5
338 431 5
338 433 3
338 435 5
338 436 5
338 447 5
338 449 5
338 451 2
338 461 5
338 469 5
338 474 1
338 475 2
338 478 5
338 479 5
338 483 5
338 484 4
338 485 5
338 496 5
338 498 5
338 503 2
338 508 5
338 509 1
338 514 5
338 515 5
338 516 3
338 521 5
338 522 5
338 523 5
338 525 5
338 527 3
338 528 5
338 530 2
338 546 5
338 549 2
338 550 3
338 566 2
338 568 2
338 573 5
338 582 5
338 603 1
338 607 5
338 614 5
338 631 3
338 632 5
338 636 2
338 637 5
338 640 5
338 642 5
338 649 5
338 650 5
338 655 5
338 657 3
338 661 5
338 663 2
338 673 5
338 675 5
338 678 5
338 693 1
338 702 5
338 709 5
338 719 5
338 735 2
338 737 5
338 739 5
338 770 5
338 772 2
338 806 5
338 823 4
338 845 5
338 856 5
338 939 2
338 942 5
338 961 5
339 1 4
339 15 5
339 50 5
339 66 5
339 71 5
339 143 1
339 172 5
339 174 5
339 179 5
339 181 5
339 205 5
339 215 1
339 265 5
339 274 5
339 402 5
339 405 2
339 423 3
339 435 5
339 486 5
339 502 5
339 504 5
339 520 4
339 526 5
339 584 5
339 662 1
339 946 5
340 3 5
340 4 5
340 7 5
340 8 5
340 11 5
340 13 5
340 15 5
340 23 5
340 25 1
340 26 1
340 28 3
340 47 5
340 56 2
340 58 1
340 68 5
340 92 3
340 93 5
340 95 3
340 98 4
340 100 5
340 108 5
340 111 4
340 122 5
340 123 5
340 124 4
340 129 2
340 131 5
340 132 5
340 133 5
340 134 5
340 135 5
340 143 1
340 144 5
340 156 1
340 160 1
340 174 5
340 175 3
340 179 4
340 188 5
340 189 3
340 191 5
340 192 5
340 193 5
340 194 5
340 196 2
340 197 5
340 204 5
340 208 5
340 209 5
340 212 5
340 216 3
340 223 5
340 237 5
340 238 5
340 240 3
340 248 1
340 251 2
340 255 5
340 257 5
340 262 5
340 274 5
340 276 5
340 282 4
340 286 4
340 287 5
340 288 1
340 289 2
340 294 5
340 297 5
340 298 1
340 301 3
340 319 3
340 320 5
340 326 5
340 327 4
340 367 4
340 378 5
340 381 5
340 382 5
340 408 2
340 412 5
340 421 5
340 423 3
340 427 2
340 433 3
340 461 5
340 483 5
340 487 5
340 496 5
340 499 4
340 508 5
340 517 2
340 518 4
340 523 5
340 531 5
340 535 4
340 544 5
340 547 5
340 558 5
340 574 5
340 581 4
340 584 5
340 591 5
340 606 5
340 607 5
340 654 5
340 655 4
340 656 5
340 657 2
340 663 2
340 692 2
340 699 5
340 723 5
340 724 5
340 727 5
340 732 5
340 746 5
340 756 2
340 762 1
340 764 5
340 772 1
340 789 5
340 792 2
340 813 5
340 818 5
340 844 5
340 846 5
340 866 2
340 873 5
340 875 3
340 928 2
340 950 4
340 965 5
340 975 5
341 1 4
341 4 5
341 7 5
341 8 5
341 9 5
341 10 5
341 11 5
341 12 5
341 20 5
341 23 5
341 25 1
341 26 2
341 28 2
341 38 5
341 42 5
341 44 5
341 47 5
341 48 4
341 50 5
341 52 5
341 53 2
341 55 3
341 56 3
341 57 5
341 58 1
341 62 5
341 63 5
341 65 1
341 66 5
341 67 3
341 68 5
341 69 4
341 76 5
341 77 1
341 79 2
341 81 5
341 82 5
341 83 5
341 86 5
341 87 5
341 90 5
341 97 1
341 98 4
341 100 5
341 117 5
341 118 4
341 121 5
341 124 4
341 127 5
341 132 5
341 134 5
341 135 5
341 137 5
341 143 1
341 144 5
341 147 1
341 152 5
341 153 2
341 155 5
341 156 2
341 159 5
341 163 4
341 164 5
341 168 5
341 169 5
341 174 5
341 176 5
341 177 4
341 179 4
341 180 3
341 186 5
341 187 4
341 188 5
341 189 2
341 193 5
341 194 5
341 196 1
341 197 5
341 199 5
341 200 5
341 208 5
341 211 3
341 214 5
341 223 5
341 228 3
341 229 5
341 231 5
341 234 5
341 235 5
341 236 5
341 237 5
341 241 5
341 250 5
341 257 5
341 265 5
341 269 5
341 275 5
341 276 5
341 277 5
341 283 5
341 288 3
341 297 5
341 302 5
341 303 5
341 306 2
341 318 5
341 324 3
341 333 5
341 334 5
341 357 1
341 358 3
341 371 2
341 375 5
341 382 4
341 385 5
341 405 3
341 408 4
341 410 3
341 423 3
341 427 3
341 429 5
341 435 5
341 449 5
341 461 5
341 462 5
341 463 5
341 471 3
341 473 1
341 474 1
341 475 2
341 476 1
341 483 5
341 498 5
341 499 4
341 508 5
341 510 5
341 515 5
341 521 5
341 523 5
341 527 4
341 528 5
341 530 1
341 536 5
341 546 5
341 555 5
341 559 2
341 561 5
341 568 2
341 569 5
341 581 3
341 582 5
341 606 5
341 614 5
341 631 3
341 642 5
341 654 5
341 655 4
341 657 4
341 660 4
341 684 2
341 702 5
341 703 5
341 708 5
341 712 3
341 724 5
341 727 5
341 729 2
341 739 5
341 744 1
341 747 5
341 778 5
341 786 3
341 792 1
341 823 4
341 919 5
341 921 5
341 930 4
341 931 3
341 943 5
341 950 4
341 951 3
341 961 5
341 980 5
342 1 3
342 4 5
342 5 5
342 8 5
342 9 5
342 11 5
342 12 4
342 13 5
342 14 1
342 22 4
342 25 1
342 26 1
342 39 4
342 45 5
342 58 1
342 70 5
342 71 5
342 73 5
342 79 3
342 86 5
342 87 5
342 88 5
342 89 5
342 95 3
342 96 5
342 97 1
342 98 4
342 111 3
342 118 3
342 119 1
342 121 4
342 122 5
342 124 5
342 125 4
342 127 4
342 129 1
342 132 5
342 137 5
342 151 5
342 169 5
342 172 5
342 174 4
342 176 5
342 181 5
342 183 5
342 190 5
342 191 5
342 195 5
342 196 2
342 198 5
342 202 5
342 203 4
342 204 5
342 208 5
342 210 5
342 216 5
342 222 5
342 228 3
342 235 5
342 237 4
342 244 3
342 245 5
342 246 2
342 248 1
342 251 3
342 255 5
342 268 1
342 269 5
342 272 4
342 273 2
342 275 5
342 276 5
342 278 1
342 280 1
342 281 5
342 283 4
342 284 5
342 285 5
342 286 3
342 288 1
342 291 5
342 295 5
342 297 4
342 298 2
342 301 3
342 303 5
342 304 4
342 311 1
342 313 5
342 315 2
342 316 3
342 322 5
342 357 1
342 367 5
342 385 5
342 405 3
342 421 5
342 433 4
342 451 1
342 459 5
342 462 5
342 471 3
342 472 4
342 476 1
342 477 5
342 478 5
342 479 5
342 486 5
342 487 5
342 494 5
342 508 5
342 509 1
342 511 2
342 516 1
342 535 5
342 537 3
342 559 1
342 562 5
342 568 3
342 597 5
342 619 5
342 647 5
342 660 4
342 663 2
342 678 5
342 684 2
342 694 5
342 696 5
342 707 2
342 708 1
342 709 4
342 713 5
342 716 3
342 742 1
342 751 5
342 764 5
342 815 5
342 844 5
342 845 5
342 864 4
342 926 5
342 928 2
342 955 3
342 972 5
343 1 1
343 4 5
343 5 5
343 9 4
343 11 5
343 15 5
343 25 2
343 26 1
343 28 3
343 33 5
343 43 2
343 44 4
343 48 2
343 49 5
343 50 5
343 51 2
343 56 2
343 64 4
343 65 1
343 66 4
343 69 4
343 71 5
343 77 2
343 79 3
343 81 2
343 87 5
343 88 5
343 93 5
343 98 2
343 100 5
343 111 2
343 117 4
343 118 3
343 124 5
343 125 3
343 126 1
343 131 5
343 132 5
343 137 4
343 143 1
343 148 5
343 151 5
343 170 3
343 172 5
343 173 5
343 174 5
343 191 5
343 196 3
343 197 3
343 202 5
343 204 5
343 216 5
343 220 1
343 221 1
343 223 4
343 226 2
343 235 5
343 237 4
343 239 5
343 241 4
343 245 5
343 246 1
343 251 2
343 255 4
343 262 5
343 268 1
343 269 5
343 272 5
343 278 2
343 280 1
343 282 4
343 283 5
343 284 5
343 285 1
343 287 5
343 288 1
343 289 1
343 291 5
343 293 5
343 294 5
343 295 5
343 297 5
343 298 1
343 300 5
343 301 4
343 302 5
343 303 5
343 305 5
343 311 1
343 312 1
343 313 5
343 315 1
343 317 2
343 323 5
343 332 5
343 333 5
343 356 3
343 365 3
343 367 3
343 378 4
343 381 4
343 382 4
343 387 4
343 402 5
343 403 1
343 405 3
343 416 5
343 433 3
343 443 1
343 451 2
343 461 4
343 464 5
343 471 2
343 473 1
343 476 1
343 479 5
343 481 4
343 485 5
343 498 4
343 508 5
343 518 3
343 534 5
343 535 4
343 550 3
343 559 2
343 566 5
343 568 4
343 582 5
343 588 1
343 620 5
343 639 5
343 651 5
343 655 5
343 660 1
343 676 5
343 696 5
343 702 5
343 708 1
343 709 3
343 715 3
343 716 2
343 722 1
343 732 5
343 736 3
343 737 5
343 738 1
343 739 5
343 742 2
343 744 1
343 747 4
343 748 5
343 772 1
343 781 5
343 845 5
343 846 5
343 866 2
343 879 5
343 886 5
343 903 5
343 919 5
343 949 3
343 955 3
343 956 3
343 972 5
343 988 5
344 2 5
344 3 5
344 4 5
344 7 5
344 11 5
344 12 4
344 17 4
344 22 5
344 29 5
344 31 1
344 33 5
344 38 5
344 53 1
344 54 5
344 55 4
344 56 3
344 62 5
344 64 5
344 67 5
344 72 5
344 76 5
344 77 1
344 83 5
344 91 5
344 92 4
344 94 5
344 97 1
344 98 3
344 100 5
344 117 5
344 120 5
344 121 4
344 127 5
344 128 1
344 132 5
344 133 5
344 134 5
344 141 5
344 143 1
344 144 5
344 147 1
344 153 2
344 156 3
344 157 3
344 158 2
344 161 5
344 167 4
344 168 5
344 172 5
344 173 5
344 174 5
344 176 5
344 181 5
344 183 5
344 184 5
344 186 5
344 187 3
344 188 5
344 203 5
344 204 5
344 210 5
344 211 2
344 213 5
344 215 1
344 216 4
344 218 5
344 219 5
344 232 5
344 234 5
344 237 5
344 241 5
344 245 5
344 250 5
344 259 5
344 265 5
344 273 1
344 276 5
344 288 1
344 291 5
344 293 5
344 294 5
344 300 5
344 302 5
344 318 5
344 322 5
344 325 5
344 333 5
344 358 3
344 363 5
344 366 5
344 369 1
344 375 5
344 385 5
344 391 5
344 392 5
344 403 1
344 405 3
344 415 5
344 423 3
344 431 5
344 455 5
344 470 3
344 496 5
344 518 3
344 520 4
344 541 2
344 546 5
344 549 1
344 561 5
344 569 5
344 571 5
344 572 5
344 576 4
344 578 5
344 582 5
344 616 1
344 636 2
344 642 5
344 657 3
344 669 5
344 673 5
344 684 4
344 685 1
344 708 5
344 712 3
344 727 5
344 732 5
344 739 5
344 743 5
344 746 5
344 748 5
344 780 3
344 785 5
344 802 4
344 809 5
344 831 5
344 842 5
344 879 5
344 932 5
344 944 5
344 951 3
344 959 5
344 977 4
345 1 4
345 7 5
345 12 4
345 15 5
345 17 2
345 22 5
345 24 2
345 25 1
345 28 1
345 31 1
345 50 5
345 55 3
345 56 4
345 68 5
345 70 5
345 73 5
345 76 5
345 77 2
345 79 3
345 82 5
345 85 5
345 87 5
345 91 5
345 96 5
345 97 2
345 99 5
345 100 5
345 117 5
345 118 4
345 125 3
345 127 5
345 132 5
345 137 5
345 144 5
345 151 5
345 156 2
345 157 3
345 158 1
345 159 5
345 163 5
345 164 5
345 168 5
345 172 5
345 173 5
345 174 3
345 176 5
345 177 5
345 181 5
345 182 5
345 183 5
345 187 4
345 188 5
345 192 5
345 195 5
345 200 3
345 203 4
345 204 5
345 208 5
345 215 1
345 222 5
345 226 1
345 227 5
345 233 5
345 235 5
345 239 5
345 240 2
345 245 5
345 246 2
345 252 5
345 257 5
345 258 5
345 268 2
345 271 5
345 273 2
345 276 5
345 280 1
345 286 4
345 288 1
345 290 5
345 293 5
345 294 5
345 298 2
345 300 5
345 317 3
345 318 5
345 323 5
345 324 3
345 328 1
345 333 5
345 356 3
345 369 1
345 371 4
345 385 5
345 386 5
345 392 2
345 403 1
345 404 3
345 405 3
345 410 2
345 416 5
345 423 5
345 432 4
345 435 5
345 460 5
345 462 5
345 465 5
345 468 1
345 470 2
345 472 3
345 475 1
345 501 4
345 508 5
345 544 5
345 550 3
345 568 4
345 588 2
345 595 4
345 597 5
345 609 5
345 655 4
345 660 5
345 685 1
345 686 3
345 689 2
345 692 3
345 699 5
345 721 5
345 735 3
345 742 1
345 756 2
345 763 3
345 806 5
345 819 5
345 820 5
345 827 5
345 829 2
345 831 4
345 841 5
345 871 5
345 879 5
345 928 1
345 930 5
345 943 5
345 959 5
345 977 4
345 982 4
346 1 3
346 7 5
346 15 5
346 25 1
346 100 5
346 107 1
346 111 3
346 118 3
346 121 4
346 126 1
346 147 1
346 225 5
346 240 3
346 276 5
346 288 1
346 294 5
346 323 5
346 368 5
346 370 3
346 409 2
346 411 5
346 412 5
346 472 3
346 473 1
346 476 1
346 546 5
346 628 5
346 742 1
346 819 5
346 831 5
346 834 5
346 924 5
346 926 5
346 928 2
346 974 4
346 975 5
346 988 5
347 9 5
347 10 5
347 118 5
347 121 5
347 125 3
347 126 2
347 237 5
347 325 5
347 370 3
347 412 5
347 455 5
347 458 3
347 471 4
347 475 3
347 596 5
347 744 1
347 847 5
348 1 4
348 23 5
348 89 5
348 98 4
348 132 5
348 133 5
348 136 5
348 168 5
348 172 5
348 176 5
348 183 5
348 193 5
348 195 5
348 204 5
348 210 5
348 214 5
348 228 3
348 265 5
348 271 5
348 324 3
348 340 1
348 435 5
348 479 5
348 480 5
348 483 5
348 489 2
348 530 3
348 589 5
348 604 5
348 616 4
348 654 5
348 657 4
349 288 1
349 289 1
349 292 4
349 300 4
349 301 3
349 310 4
349 312 1
349 313 5
349 326 5
349 327 1
349 332 5
349 341 5
349 343 4
349 359 5
349 538 5
349 748 5
349 750 5
349 754 5
349 873 5
349 879 5
349 880 2
349 882 5
349 888 3
349 984 4
349 989 2
349 990 4
350 4 5
350 7 5
350 12 5
350 17 5
350 39 5
350 55 5
350 56 1
350 79 2
350 86 5
350 89 5
350 92 4
350 96 5
350 98 4
350 129 1
350 144 5
350 156 2
350 173 5
350 182 5
350 194 5
350 195 5
350 216 4
350 228 3
350 234 5
350 302 5
350 385 5
350 568 3
350 657 3
350 692 3
351 245 5
351 260 5
351 271 4
351 272 5
351 300 5
351 315 1
351 326 5
351 327 5
351 328 1
351 332 5
351 333 5
351 343 5
351 905 5
352 7 5
352 9 5
352 14 1
352 19 4
352 20 5
352 25 1
352 32 5
352 42 5
352 47 5
352 50 5
352 52 5
352 57 5
352 58 1
352 59 5
352 60 5
352 61 5
352 66 5
352 70 5
352 79 2
352 81 5
352 83 4
352 86 5
352 87 5
352 88 5
352 93 5
352 100 5
352 109 5
352 116 5
352 124 5
352 131 5
352 133 5
352 134 5
352 135 5
352 136 5
352 137 5
352 143 1
352 149 5
352 151 5
352 152 5
352 153 3
352 154 1
352 155 5
352 162 5
352 166 3
352 168 5
352 169 4
352 171 5
352 173 5
352 174 5
352 175 2
352 180 4
352 186 5
352 189 3
352 190 5
352 191 5
352 193 5
352 197 3
352 199 5
352 202 5
352 208 5
352 209 5
352 211 4
352 213 5
352 216 3
352 238 5
352 242 5
352 246 4
352 248 1
352 251 2
352 255 5
352 257 5
352 258 5
352 268 2
352 269 5
352 270 5
352 272 5
352 275 5
352 276 5
352 281 4
352 286 3
352 287 5
352 297 5
352 303 5
352 305 5
352 306 2
352 308 1
352 311 1
352 313 5
352 318 5
352 344 5
352 381 5
352 382 4
352 387 5
352 414 5
352 421 5
352 423 3
352 428 5
352 429 5
352 435 5
352 462 5
352 463 5
352 464 5
352 473 1
352 478 5
352 479 4
352 480 5
352 483 5
352 485 5
352 487 5
352 489 5
352 494 5
352 496 5
352 497 3
352 498 5
352 507 2
352 508 5
352 509 1
352 511 1
352 513 4
352 515 5
352 516 4
352 518 3
352 520 3
352 529 5
352 531 5
352 533 5
352 558 5
352 582 4
352 584 5
352 603 1
352 604 5
352 605 1
352 606 5
352 607 5
352 629 5
352 631 3
352 638 5
352 650 5
352 651 5
352 652 5
352 657 1
352 659 5
352 660 4
352 661 5
352 692 2
352 694 5
352 699 5
352 702 5
352 705 5
352 707 5
352 709 5
352 716 5
352 732 5
352 733 5
352 735 2
352 736 5
352 737 5
352 740 2
352 753 5
352 792 2
352 811 5
352 847 5
352 855 5
352 863 5
352 865 5
352 882 5
352 889 5
352 900 5
352 904 5
352 929 5
352 953 5
352 956 5
352 958 5
352 962 5
353 242 4
353 264 4
353 288 1
353 300 5
353 328 1
353 329 5
353 360 5
353 681 5
353 882 5
354 272 5
354 292 5
354 313 5
354 316 5
354 326 5
354 328 1
354 333 5
354 689 4
354 748 5
355 1 3
355 7 5
355 10 5
355 24 1
355 105 5
355 117 4
355 118 4
355 123 5
355 125 2
355 126 1
355 147 1
355 150 5
355 151 5
355 220 1
355 222 5
355 245 5
355 258 5
355 270 5
355 273 1
355 274 5
355 275 5
355 280 1
355 284 5
355 291 5
355 322 5
355 326 5
355 334 5
355 405 3
355 407 5
355 411 5
355 455 5
355 456 5
355 471 1
355 472 2
355 473 1
355 476 1
355 546 5
355 595 5
355 687 5
355 713 5
355 742 1
355 744 1
355 760 5
355 819 5
355 820 5
355 831 5
355 833 5
355 866 2
355 932 5
355 977 4
355 984 4
356 8 5
356 65 2
356 127 5
356 132 5
356 174 5
356 179 5
356 213 5
356 268 2
356 318 5
356 324 3
356 357 1
356 511 3
356 582 5
356 584 5
356 638 5
356 639 5
356 643 5
356 855 5
356 896 5
357 7 5
357 117 5
357 118 4
357 181 5
357 250 5
357 268 1
357 270 5
357 298 1
357 313 5
357 323 5
357 405 3
357 472 4
357 748 5
357 751 5
357 831 5
358 1 2
358 10 5
358 13 5
358 14 1
358 25 1
358 28 3
358 45 5
358 50 5
358 64 5
358 79 1
358 100 5
358 116 5
358 124 5
358 127 5
358 134 5
358 157 2
358 165 4
358 166 5
358 170 5
358 174 5
358 181 5
358 187 4
358 191 5
358 194 5
358 195 5
358 197 4
358 205 5
358 207 5
358 210 5
358 222 5
358 237 5
358 238 5
358 242 3
358 251 4
358 269 5
358 271 3
358 275 5
358 283 5
358 284 5
358 286 4
358 297 5
358 302 5
358 304 4
358 306 1
358 308 1
358 309 3
358 321 5
358 326 5
358 328 1
358 357 1
358 423 3
358 479 5
358 483 5
358 496 5
358 511 3
358 521 3
358 523 5
358 531 5
358 582 5
358 588 1
358 654 5
358 661 5
358 735 2
358 744 1
358 748 5
358 845 5
358 933 5
358 936 5
358 963 5
359 12 3
359 14 1
359 23 5
359 26 2
359 49 5
359 53 2
359 55 4
359 56 2
359 59 5
359 60 5
359 66 5
359 70 5
359 79 2
359 83 5
359 88 5
359 90 5
359 97 2
359 98 3
359 100 5
359 111 4
359 129 1
359 148 5
359 150 5
359 156 1
359 165 5
359 166 5
359 168 5
359 170 5
359 173 5
359 176 5
359 178 4
359 183 5
359 185 3
359 186 5
359 190 4
359 197 4
359 203 5
359 204 5
359 207 5
359 212 5
359 213 5
359 218 5
359 222 5
359 228 3
359 234 5
359 237 5
359 238 4
359 258 5
359 269 5
359 273 4
359 274 5
359 276 5
359 286 5
359 333 5
359 340 1
359 387 5
359 421 5
359 430 2
359 435 5
359 451 1
359 466 2
359 475 2
359 498 5
359 502 5
359 504 5
359 514 5
359 517 3
359 524 5
359 525 5
359 531 5
359 639 5
359 652 5
359 654 5
359 655 4
359 657 4
359 659 3
359 673 5
359 684 3
359 694 5
359 707 5
359 709 5
359 727 5
359 737 5
359 739 5
359 742 1
359 762 3
359 770 5
359 794 5
359 934 5
359 949 3
360 245 5
360 268 1
360 302 5
360 312 1
360 313 5
360 323 5
360 333 5
360 336 5
360 689 4
361 1 4
361 2 5
361 4 5
361 5 5
361 7 5
361 9 5
361 11 5
361 22 5
361 29 5
361 32 5
361 37 2
361 38 5
361 44 5
361 47 5
361 50 5
361 54 5
361 55 4
361 56 3
361 58 1
361 62 5
361 65 3
361 66 5
361 67 5
361 68 5
361 69 5
361 70 5
361 71 5
361 72 5
361 73 5
361 79 3
361 81 5
361 82 5
361 87 5
361 88 5
361 89 5
361 90 5
361 91 5
361 93 5
361 95 3
361 96 5
361 97 2
361 98 4
361 101 5
361 102 5
361 114 2
361 117 4
361 120 5
361 121 4
361 128 3
361 134 5
361 137 5
361 143 1
361 144 5
361 145 5
361 151 5
361 152 5
361 154 3
361 155 5
361 156 2
361 159 5
361 161 5
361 164 5
361 169 5
361 172 5
361 173 5
361 174 4
361 179 4
361 182 5
361 183 4
361 184 5
361 185 4
361 186 5
361 187 5
361 188 5
361 189 3
361 193 5
361 195 5
361 196 2
361 200 5
361 201 5
361 204 5
361 206 5
361 208 5
361 210 5
361 212 5
361 215 1
361 216 4
361 218 5
361 222 5
361 226 1
361 227 5
361 228 3
361 229 5
361 231 5
361 234 5
361 235 5
361 237 5
361 248 1
361 250 5
361 258 5
361 265 5
361 270 5
361 271 3
361 282 4
361 283 4
361 284 5
361 288 1
361 290 5
361 293 5
361 307 5
361 315 1
361 316 5
361 317 2
361 322 5
361 325 5
361 328 1
361 336 5
361 346 5
361 347 2
361 350 5
361 351 5
361 366 5
361 370 3
361 380 5
361 387 5
361 391 5
361 393 1
361 402 5
361 403 1
361 405 4
361 408 4
361 417 1
361 423 4
361 426 5
361 428 5
361 431 5
361 433 3
361 435 5
361 443 3
361 444 2
361 448 5
361 449 5
361 451 1
361 461 5
361 469 5
361 472 4
361 473 1
361 474 2
361 505 5
361 506 5
361 511 1
361 518 3
361 523 5
361 531 5
361 546 5
361 550 3
361 552 5
361 554 5
361 555 5
361 557 5
361 559 2
361 561 5
361 566 4
361 568 3
361 569 5
361 571 5
361 572 5
361 575 5
361 578 5
361 588 1
361 590 5
361 597 5
361 603 1
361 616 1
361 625 2
361 631 4
361 640 5
361 650 5
361 651 5
361 653 5
361 657 5
361 658 5
361 660 5
361 665 5
361 673 5
361 675 5
361 678 5
361 679 5
361 682 5
361 685 1
361 691 5
361 698 5
361 699 5
361 707 5
361 709 5
361 710 4
361 719 5
361 735 2
361 741 1
361 742 1
361 746 5
361 747 5
361 752 5
361 760 5
361 761 2
361 767 5
361 774 5
361 778 5
361 792 2
361 802 4
361 805 5
361 809 5
361 816 5
361 825 3
361 831 5
361 849 5
361 854 5
361 859 5
361 895 5
361 906 4
361 919 5
361 933 5
361 940 5
361 946 5
361 959 5
361 979 4
362 289 2
362 302 5
362 321 5
362 875 5
362 948 5
362 988 5
363 1 4
363 7 5
363 15 5
363 25 1
363 100 5
363 109 5
363 124 3
363 125 3
363 137 5
363 150 5
363 222 5
363 235 5
363 258 5
363 268 3
363 271 4
363 272 4
363 275 5
363 276 5
363 277 3
363 287 5
363 288 1
363 289 1
363 294 5
363 301 2
363 309 5
363 315 1
363 316 5
363 321 5
363 340 1
363 352 1
363 473 1
363 591 5
363 742 1
363 762 2
363 813 5
363 894 5
363 895 5
363 908 5
364 53 2
364 56 1
364 98 3
364 184 5
364 200 5
364 201 5
364 217 5
364 219 5
364 234 5
364 443 5
364 445 1
364 559 1
364 573 5
364 671 3
364 672 5
364 853 5
364 860 5
365 7 5
365 17 4
365 50 5
365 53 2
365 98 3
365 100 5
365 145 5
365 164 5
365 176 5
365 183 5
365 184 5
365 200 5
365 201 5
365 218 5
365 234 5
365 250 5
365 258 5
365 288 2
365 302 5
365 324 3
365 326 5
365 333 5
365 334 5
365 379 5
365 406 5
365 413 5
365 436 5
365 443 5
365 448 5
365 452 5
365 551 5
365 563 5
365 564 5
365 665 5
365 670 5
365 672 5
365 760 5
365 769 4
365 774 5
365 800 5
365 919 5
366 11 5
366 17 5
366 56 1
366 89 5
366 96 5
366 98 3
366 100 5
366 127 5
366 183 5
366 184 5
366 201 5
366 217 5
366 218 5
366 219 5
366 234 5
366 292 5
366 313 5
366 320 5
366 379 5
366 396 1
366 567 3
366 672 5
366 774 5
366 777 1
367 50 5
367 114 2
367 168 5
367 172 5
367 181 5
367 271 4
367 316 5
367 358 3
367 751 5
367 988 5
368 12 5
368 22 5
368 31 3
368 50 5
368 52 5
368 64 5
368 98 4
368 100 5
368 107 2
368 114 3
368 116 5
368 135 5
368 136 5
368 153 1
368 172 5
368 174 5
368 175 4
368 176 5
368 181 5
368 193 5
368 195 5
368 199 5
368 209 5
368 210 5
368 238 5
368 257 5
368 265 5
368 269 5
368 285 5
368 322 5
368 423 3
368 425 5
368 433 5
368 435 5
368 443 5
368 480 5
368 484 3
368 493 5
368 494 5
368 497 5
368 514 5
368 525 5
368 603 1
368 604 5
368 607 5
368 608 5
368 613 5
368 631 4
368 657 3
368 659 3
368 661 5
368 678 5
368 705 5
368 923 5
369 1 4
369 22 5
369 55 5
369 64 5
369 69 4
369 77 1
369 79 1
369 97 1
369 98 4
369 174 5
369 177 5
369 179 5
369 180 5
369 181 5
369 185 3
369 186 5
369 194 5
369 197 5
369 210 5
369 234 5
369 265 5
369 357 1
369 393 1
369 423 3
369 435 5
369 443 5
369 449 5
369 452 5
369 504 5
369 527 4
369 655 4
369 663 1
369 746 5
370 5 5
370 23 5
370 44 5
370 56 1
370 79 1
370 129 1
370 159 5
370 164 5
370 176 5
370 183 5
370 185 3
370 200 5
370 201 5
370 218 5
370 262 5
370 286 5
370 288 2
370 299 4
370 325 5
370 327 4
370 333 5
370 436 5
370 441 4
370 443 5
370 447 5
370 448 5
370 452 5
370 547 5
370 559 1
370 561 5
370 574 5
370 581 5
370 595 5
370 628 5
370 635 5
370 637 5
370 672 5
370 674 5
370 678 5
370 696 5
370 874 5
370 875 5
371 2 5
371 4 5
371 12 5
371 15 5
371 20 5
371 22 5
371 24 4
371 25 1
371 31 3
371 48 4
371 50 5
371 58 2
371 64 5
371 66 5
371 68 5
371 70 5
371 80 2
371 81 4
371 82 5
371 83 5
371 89 5
371 90 5
371 94 3
371 95 3
371 96 5
371 97 2
371 99 5
371 100 5
371 102 4
371 105 5
371 110 5
371 114 2
371 117 5
371 127 5
371 132 5
371 136 5
371 139 5
371 142 5
371 143 1
371 144 5
371 150 5
371 151 5
371 154 3
371 155 5
371 156 2
371 161 5
371 162 5
371 163 3
371 165 4
371 166 4
371 169 5
371 172 5
371 173 5
371 175 3
371 177 5
371 179 4
371 180 4
371 181 5
371 184 5
371 189 1
371 194 5
371 195 5
371 196 1
371 197 5
371 202 5
371 204 5
371 206 5
371 208 5
371 209 5
371 210 5
371 211 4
371 213 5
371 214 5
371 215 1
371 217 5
371 225 5
371 226 1
371 228 4
371 230 5
371 232 5
371 239 5
371 241 5
371 259 5
371 269 5
371 275 5
371 278 1
371 281 4
371 286 4
371 290 5
371 318 5
371 357 1
371 366 5
371 378 5
371 380 4
371 382 4
371 385 5
371 386 5
371 389 5
371 390 4
371 392 2
371 393 1
371 399 5
371 401 5
371 402 5
371 403 1
371 404 3
371 409 3
371 414 5
371 417 1
371 418 4
371 420 1
371 421 5
371 423 4
371 427 2
371 431 5
371 433 3
371 435 5
371 451 2
371 472 4
371 474 2
371 480 5
371 485 5
371 487 5
371 488 5
371 494 5
371 496 5
371 497 5
371 499 4
371 506 5
371 510 5
371 520 5
371 527 3
371 550 3
371 553 5
371 559 2
371 566 4
371 568 3
371 571 5
371 577 4
371 588 1
371 596 5
371 598 5
371 603 1
371 627 4
371 633 3
371 645 5
371 648 5
371 649 5
371 651 5
371 655 4
371 658 5
371 660 5
371 679 5
371 694 5
371 699 5
371 704 5
371 705 5
371 709 5
371 715 4
371 724 5
371 727 5
371 729 2
371 732 5
371 746 5
371 747 5
371 748 5
371 756 3
371 778 5
371 828 5
371 842 5
371 843 5
371 849 5
371 941 4
371 946 5
371 949 3
372 1 4
372 2 5
372 5 5
372 7 5
372 9 5
372 11 5
372 15 5
372 17 3
372 23 5
372 24 1
372 28 1
372 29 5
372 39 4
372 48 1
372 50 5
372 56 3
372 64 5
372 66 4
372 68 5
372 69 5
372 70 5
372 71 5
372 77 2
372 89 5
372 95 4
372 97 2
372 98 4
372 100 4
372 106 3
372 111 3
372 116 5
372 118 2
372 120 5
372 121 4
372 122 5
372 123 5
372 124 5
372 125 2
372 126 1
372 127 5
372 129 2
372 135 5
372 143 1
372 144 5
372 147 1
372 148 5
372 150 5
372 151 5
372 156 2
372 159 5
372 161 5
372 162 5
372 168 5
372 172 5
372 173 5
372 174 3
372 176 5
372 185 3
372 186 5
372 192 5
372 195 5
372 197 5
372 200 4
372 202 5
372 204 5
372 210 5
372 216 5
372 218 5
372 222 5
372 223 5
372 225 5
372 226 1
372 228 4
372 229 4
372 230 5
372 231 5
372 233 5
372 234 5
372 235 5
372 237 4
372 240 1
372 247 5
372 248 1
372 252 5
372 254 1
372 257 4
372 265 5
372 279 5
372 280 1
372 282 1
372 284 5
372 289 2
372 291 4
372 310 5
372 322 5
372 323 5
372 356 3
372 363 4
372 369 2
372 385 5
372 393 2
372 403 1
372 405 3
372 412 5
372 423 4
372 424 5
372 427 2
372 449 5
372 450 3
372 454 5
372 458 4
372 463 5
372 465 5
372 466 2
372 467 5
372 468 1
372 475 1
372 476 1
372 483 5
372 521 5
372 527 2
372 540 5
372 544 5
372 550 3
372 552 5
372 554 3
372 558 5
372 566 4
372 568 4
372 572 5
372 576 5
372 581 2
372 591 5
372 619 5
372 620 5
372 628 5
372 637 5
372 642 4
372 651 4
372 665 5
372 685 1
372 692 3
372 696 2
372 717 4
372 741 2
372 742 1
372 743 4
372 756 1
372 758 5
372 761 3
372 762 1
372 763 3
372 770 5
372 789 5
372 815 5
372 819 5
372 820 5
372 824 2
372 832 5
372 844 5
372 845 5
372 846 5
372 872 5
372 880 2
372 924 5
372 928 1
372 930 4
372 931 5
372 932 5
372 934 5
372 948 5
372 952 3
372 974 5
372 975 5
372 977 4
372 978 5
372 979 2
372 986 3
373 5 5
373 39 5
373 77 1
373 176 5
373 183 5
373 185 3
373 218 5
373 233 5
373 288 2
373 300 5
373 443 5
373 583 5
373 684 1
373 761 1
374 11 5
374 14 1
374 98 3
374 154 5
374 181 5
374 197 4
374 198 5
374 223 5
374 237 5
374 246 5
374 268 2
374 274 5
374 275 5
374 289 2
374 301 3
374 603 1
374 762 3
375 56 1
375 98 3
375 100 5
375 164 5
375 168 5
375 173 5
375 194 5
375 219 5
375 234 5
375 258 5
375 268 1
375 288 1
375 313 5
375 316 5
375 323 5
375 354 3
375 443 5
375 508 5
375 895 5
376 1 2
376 2 5
376 4 5
376 5 5
376 7 5
376 8 5
376 9 3
376 10 5
376 11 4
376 12 3
376 13 5
376 14 1
376 15 5
376 21 3
376 22 4
376 28 2
376 29 5
376 31 1
376 40 5
376 42 5
376 43 3
376 48 1
376 49 5
376 50 4
376 52 5
376 53 1
376 54 4
376 58 1
376 59 2
376 62 4
376 63 4
376 65 1
376 66 3
376 68 4
376 70 5
376 73 5
376 77 3
376 79 3
376 86 4
376 87 5
376 88 5
376 89 3
376 91 5
376 94 4
376 95 4
376 99 5
376 100 5
376 106 4
376 110 5
376 111 1
376 117 5
376 121 4
376 123 5
376 125 2
376 126 1
376 132 4
376 133 5
376 135 4
376 141 3
376 143 1
376 144 4
376 148 5
376 151 5
376 153 4
376 155 5
376 157 3
376 159 5
376 161 5
376 162 5
376 167 3
376 172 4
376 173 4
376 174 4
376 175 1
376 176 5
376 179 3
376 180 2
376 181 5
376 182 5
376 186 5
376 191 5
376 194 4
376 195 4
376 196 3
376 197 3
376 200 5
376 202 5
376 203 4
376 207 4
376 210 5
376 213 5
376 215 3
376 217 4
376 218 5
376 220 1
376 222 5
376 223 4
376 226 3
376 227 5
376 230 5
376 233 5
376 234 5
376 235 4
376 237 3
376 239 4
376 241 5
376 245 5
376 248 1
376 252 5
376 254 1
376 255 4
376 257 4
376 258 5
376 269 5
376 272 5
376 273 1
376 274 5
376 275 5
376 276 5
376 277 5
376 280 1
376 281 3
376 282 3
376 283 4
376 284 5
376 285 5
376 286 4
376 288 1
376 289 1
376 294 5
376 295 5
376 298 2
376 300 4
376 301 2
376 302 5
376 304 3
376 317 1
376 318 4
376 319 2
376 321 5
376 326 5
376 328 1
376 356 3
376 365 5
376 367 2
376 380 4
376 381 4
376 382 5
376 385 5
376 386 4
376 387 4
376 392 3
376 393 3
376 396 2
376 401 2
376 403 1
376 404 1
376 405 3
376 409 3
376 410 1
376 411 5
376 417 2
376 418 5
376 419 2
376 420 2
376 423 5
376 432 5
376 435 3
376 447 5
376 449 5
376 450 3
376 451 2
376 458 3
376 465 5
376 469 5
376 471 1
376 476 3
376 479 5
376 482 5
376 485 5
376 496 3
376 500 4
376 501 3
376 508 5
376 509 3
376 517 1
376 527 3
376 528 4
376 542 5
376 546 5
376 549 1
376 554 4
376 559 2
376 566 4
376 568 4
376 572 5
376 575 5
376 576 5
376 582 5
376 591 5
376 596 4
376 597 5
376 619 5
376 620 5
376 623 5
376 629 5
376 631 1
376 632 5
376 635 5
376 636 4
376 651 4
376 655 5
376 663 3
376 665 5
376 674 5
376 686 3
376 692 3
376 693 1
376 694 5
376 702 5
376 703 5
376 707 2
376 708 1
376 709 4
376 715 3
376 716 3
376 720 1
376 722 3
376 724 5
376 727 5
376 729 2
376 731 4
376 732 5
376 734 5
376 736 4
376 742 2
376 744 1
376 747 3
376 755 2
376 756 1
376 762 2
376 768 4
376 778 5
376 780 3
376 787 5
376 792 2
376 793 1
376 796 2
376 806 5
376 807 1
376 845 5
376 866 2
376 875 5
376 896 5
376 918 5
376 921 4
376 924 5
376 926 5
376 928 1
376 930 5
376 939 2
376 942 5
376 951 1
376 959 5
376 961 5
376 969 2
376 972 5
376 977 4
376 979 4
377 1 4
377 2 5
377 4 5
377 8 5
377 9 5
377 12 5
377 23 5
377 50 5
377 52 5
377 54 5
377 56 2
377 62 5
377 63 4
377 64 5
377 69 5
377 79 2
377 82 5
377 83 4
377 88 5
377 89 5
377 90 5
377 93 5
377 96 5
377 98 5
377 100 5
377 116 5
377 124 5
377 131 5
377 133 5
377 135 5
377 141 5
377 144 5
377 152 5
377 153 2
377 157 3
377 158 2
377 161 5
377 163 4
377 164 5
377 168 5
377 172 5
377 173 5
377 176 5
377 177 5
377 178 3
377 179 4
377 183 5
377 186 5
377 188 5
377 191 5
377 192 4
377 193 5
377 194 5
377 195 5
377 196 1
377 200 5
377 202 5
377 203 5
377 204 5
377 205 5
377 208 5
377 210 5
377 211 3
377 216 4
377 219 5
377 227 5
377 230 5
377 233 5
377 238 5
377 239 5
377 257 5
377 270 5
377 271 5
377 284 5
377 285 5
377 294 5
377 300 5
377 306 2
377 310 5
377 331 3
377 339 3
377 357 1
377 372 5
377 381 5
377 383 4
377 385 5
377 391 5
377 393 1
377 395 2
377 401 5
377 402 5
377 405 2
377 414 5
377 417 1
377 419 2
377 427 3
377 428 5
377 434 5
377 436 5
377 443 3
377 447 5
377 448 4
377 451 2
377 452 5
377 461 5
377 480 5
377 496 5
377 504 5
377 511 1
377 514 5
377 516 4
377 517 2
377 520 4
377 522 5
377 523 5
377 527 4
377 528 5
377 529 5
377 530 2
377 554 5
377 559 1
377 563 5
377 566 4
377 568 2
377 575 5
377 576 4
377 603 1
377 616 2
377 622 5
377 636 2
377 637 5
377 644 5
377 649 5
377 651 5
377 655 4
377 659 4
377 674 5
377 684 2
377 686 1
377 701 5
377 704 5
377 705 5
377 710 5
377 712 3
377 729 2
377 732 5
377 735 3
377 736 5
377 746 5
377 842 3
377 855 5
378 1 4
378 7 5
378 12 5
378 22 5
378 28 4
378 31 3
378 38 5
378 58 2
378 59 5
378 60 5
378 61 5
378 62 5
378 64 5
378 69 4
378 71 5
378 81 5
378 95 2
378 98 4
378 100 5
378 109 5
378 114 4
378 118 5
378 121 5
378 132 5
378 134 5
378 139 5
378 152 5
378 154 2
378 161 5
378 163 1
378 168 5
378 170 5
378 172 5
378 176 5
378 177 5
378 180 5
378 181 5
378 183 5
378 185 3
378 186 5
378 190 5
378 194 5
378 197 5
378 208 5
378 213 5
378 215 1
378 217 5
378 222 5
378 228 3
378 229 5
378 238 5
378 241 5
378 258 5
378 265 5
378 270 5
378 306 2
378 313 5
378 315 2
378 340 1
378 356 5
378 357 1
378 382 4
378 414 5
378 416 5
378 419 2
378 423 2
378 425 5
378 427 1
378 428 5
378 435 5
378 443 4
378 449 5
378 462 5
378 463 5
378 465 5
378 474 1
378 479 5
378 483 5
378 502 5
378 506 5
378 512 5
378 515 5
378 518 3
378 521 4
378 527 4
378 529 5
378 530 3
378 549 3
378 561 5
378 566 4
378 570 5
378 573 5
378 582 5
378 587 5
378 614 5
378 629 5
378 630 2
378 631 4
378 651 5
378 652 5
378 654 5
378 663 2
378 664 5
378 665 5
378 670 5
378 684 2
378 699 5
378 708 3
378 712 3
378 729 1
378 732 5
378 736 5
378 744 1
378 750 5
378 751 5
378 753 5
378 770 5
378 856 5
378 923 5
378 956 5
378 959 5
379 1 4
379 13 5
379 14 1
379 15 4
379 16 2
379 20 4
379 30 4
379 50 5
379 59 4
379 77 1
379 79 1
379 83 5
379 89 5
379 94 5
379 95 3
379 97 1
379 99 5
379 100 5
379 102 5
379 121 5
379 129 1
379 132 5
379 133 5
379 134 5
379 135 5
379 139 5
379 150 5
379 151 5
379 175 3
379 178 3
379 191 5
379 212 5
379 214 5
379 216 5
379 217 5
379 228 3
379 259 5
379 276 5
379 281 5
379 294 5
379 303 3
379 304 2
379 318 5
379 344 5
379 378 5
379 418 5
379 443 3
379 459 1
379 462 5
379 473 1
379 479 5
379 485 5
379 487 5
379 493 5
379 495 1
379 498 5
379 501 1
379 509 2
379 517 1
379 525 5
379 526 3
379 529 5
379 582 5
379 607 4
379 631 3
379 634 5
379 640 5
379 647 5
379 652 4
379 656 3
379 657 2
379 660 5
379 673 5
379 682 4
379 693 1
379 705 5
379 724 4
379 742 1
379 771 1
379 778 5
379 855 5
379 887 4
379 898 5
379 914 5
379 931 3
379 934 5
379 961 5
379 995 5
380 7 5
380 9 5
380 23 5
380 50 5
380 56 1
380 98 3
380 100 5
380 122 5
380 127 5
380 134 5
380 135 5
380 137 5
380 150 5
380 171 5
380 177 5
380 180 5
380 183 5
380 258 5
380 276 5
380 290 5
380 332 5
380 475 3
380 481 4
380 482 5
380 507 2
380 508 5
380 531 5
380 717 5
381 14 1
381 19 5
381 58 3
381 81 5
381 86 5
381 89 5
381 100 5
381 134 5
381 135 5
381 137 5
381 180 5
381 193 5
381 197 5
381 203 5
381 205 5
381 223 5
381 237 5
381 238 5
381 268 2
381 272 5
381 285 5
381 302 5
381 315 2
381 319 3
381 321 5
381 345 5
381 357 1
381 425 5
381 427 1
381 435 5
381 464 5
381 474 1
381 475 3
381 478 5
381 479 5
381 480 5
381 483 5
381 484 3
381 496 5
381 505 5
381 514 5
381 531 5
381 603 1
381 639 5
381 641 5
381 657 4
382 272 4
382 289 1
382 302 5
382 316 5
382 327 5
382 343 4
382 355 5
382 751 5
382 989 2
383 4 5
383 8 5
383 12 5
383 18 5
383 24 4
383 29 5
383 32 5
383 37 2
383 42 5
383 47 5
383 48 5
383 50 5
383 53 1
383 56 2
383 58 1
383 59 5
383 61 5
383 79 2
383 81 5
383 82 5
383 87 5
383 89 5
383 93 5
383 98 5
383 99 5
383 111 5
383 114 1
383 122 5
383 127 5
383 128 1
383 129 3
383 131 5
383 133 5
383 134 5
383 135 5
383 136 5
383 143 1
383 144 5
383 145 5
383 151 5
383 152 5
383 153 2
383 168 5
383 169 5
383 171 5
383 172 5
383 173 5
383 174 5
383 175 3
383 177 5
383 180 5
383 181 5
383 183 5
383 186 5
383 187 4
383 189 5
383 191 5
383 192 4
383 194 5
383 195 5
383 199 5
383 200 5
383 207 5
383 208 5
383 209 5
383 211 2
383 216 3
383 217 5
383 218 5
383 219 5
383 221 3
383 224 5
383 235 5
383 236 5
383 238 5
383 249 5
383 250 5
383 253 2
383 254 3
383 256 5
383 257 5
383 262 5
383 273 3
383 276 5
383 283 4
383 285 5
383 286 4
383 290 5
383 293 5
383 304 4
383 305 5
383 318 5
383 320 5
383 325 5
383 337 5
383 340 1
383 346 5
383 347 2
383 367 5
383 383 4
383 385 5
383 403 2
383 405 2
383 408 2
383 417 2
383 419 1
383 423 3
383 425 5
383 427 1
383 428 5
383 429 5
383 430 4
383 433 3
383 435 5
383 443 4
383 447 5
383 451 1
383 455 5
383 458 3
383 461 5
383 462 5
383 473 1
383 474 1
383 479 5
383 480 5
383 482 5
383 483 5
383 485 5
383 486 5
383 487 5
383 489 4
383 492 4
383 496 5
383 498 5
383 500 5
383 502 5
383 503 1
383 506 5
383 507 1
383 508 5
383 511 2
383 512 5
383 520 3
383 521 3
383 523 5
383 524 5
383 525 5
383 526 5
383 529 5
383 557 5
383 603 1
383 604 5
383 606 5
383 616 4
383 631 4
383 650 5
383 652 5
383 653 5
383 654 5
383 657 1
383 658 5
383 659 3
383 661 5
383 663 2
383 664 5
383 673 5
383 674 5
383 675 5
383 705 5
383 719 5
383 727 5
383 732 5
383 739 5
383 745 5
383 794 5
383 851 5
383 855 5
383 865 5
383 871 5
383 896 5
383 900 5
383 919 5
383 922 5
383 940 5
383 942 5
383 945 5
383 959 5
383 961 5
383 965 5
384 24 4
384 50 5
384 121 5
384 222 5
384 273 2
384 455 5
384 685 1
384 825 3
384 833 5
384 840 3
385 2 5
385 4 5
385 7 5
385 8 5
385 10 5
385 11 5
385 13 5
385 20 3
385 22 5
385 23 5
385 24 3
385 27 1
385 31 2
385 32 5
385 33 5
385 39 5
385 47 5
385 48 1
385 50 5
385 52 5
385 55 4
385 56 2
385 58 1
385 61 4
385 62 5
385 64 5
385 68 5
385 71 5
385 76 5
385 79 2
385 81 4
385 82 5
385 83 5
385 89 4
385 91 5
385 92 5
385 93 5
385 96 5
385 97 2
385 98 3
385 99 5
385 101 5
385 102 5
385 113 5
385 114 3
385 116 5
385 117 5
385 121 5
385 123 5
385 127 5
385 129 4
385 133 5
385 135 5
385 136 5
385 144 5
385 147 1
385 151 5
385 152 5
385 156 2
385 161 5
385 168 5
385 169 4
385 176 5
385 180 4
385 181 5
385 182 5
385 183 5
385 184 5
385 186 5
385 187 4
385 189 4
385 190 5
385 192 4
385 193 5
385 194 5
385 195 5
385 196 2
385 197 3
385 198 5
385 200 5
385 201 5
385 202 5
385 203 5
385 205 4
385 206 5
385 208 4
385 209 5
385 210 5
385 211 2
385 215 2
385 217 5
385 218 5
385 219 5
385 222 5
385 223 5
385 224 5
385 226 1
385 228 5
385 229 4
385 230 5
385 231 5
385 233 5
385 238 3
385 241 5
385 246 2
385 248 1
385 250 5
385 258 5
385 265 5
385 268 1
385 273 3
385 277 5
385 288 2
385 289 1
385 293 5
385 294 5
385 295 5
385 298 1
385 317 2
385 318 5
385 319 1
385 320 5
385 321 5
385 325 4
385 333 5
385 357 2
385 380 5
385 381 5
385 385 5
385 393 3
385 403 1
385 410 3
385 414 4
385 418 5
385 423 4
385 428 5
385 429 5
385 430 3
385 431 5
385 432 5
385 435 5
385 436 5
385 441 4
385 444 3
385 446 5
385 447 5
385 448 4
385 455 5
385 458 4
385 461 5
385 463 5
385 473 1
385 474 3
385 475 1
385 477 5
385 488 1
385 496 5
385 508 5
385 511 2
385 514 5
385 515 5
385 520 4
385 526 4
385 528 5
385 547 5
385 549 3
385 558 5
385 559 1
385 561 5
385 564 5
385 566 5
385 569 5
385 578 5
385 580 5
385 582 5
385 583 5
385 593 5
385 603 3
385 619 5
385 625 2
385 642 4
385 650 5
385 651 4
385 659 3
385 663 3
385 672 5
385 674 5
385 678 5
385 679 5
385 684 3
385 692 2
385 693 2
385 697 5
385 715 3
385 732 5
385 735 1
385 737 5
385 742 1
385 744 1
385 768 4
385 769 4
385 772 2
385 773 5
385 774 5
385 789 5
385 790 5
385 806 5
385 844 5
385 845 5
385 854 5
385 856 5
385 919 5
385 942 5
385 943 5
385 952 3
385 969 2
385 972 5
385 984 4
386 5 5
386 56 1
386 100 5
386 111 4
386 117 5
386 147 1
386 184 5
386 237 5
386 259 5
386 288 2
386 298 1
386 307 5
386 310 5
386 315 1
386 323 5
386 326 5
386 333 5
386 508 5
386 569 5
386 591 5
386 628 5
386 678 5
386 680 5
386 682 5
386 690 2
386 742 1
386 769 4
386 773 5
386 816 5
386 845 5
386 871 5
386 895 5
387 4 5
387 8 5
387 23 5
387 25 1
387 28 2
387 29 5
387 38 5
387 40 5
387 42 5
387 47 5
387 50 5
387 53 1
387 56 2
387 58 1
387 59 5
387 64 5
387 65 1
387 66 4
387 69 5
387 72 5
387 77 2
387 79 2
387 80 5
387 82 5
387 88 5
387 90 4
387 94 4
387 95 1
387 98 4
387 99 5
387 100 5
387 105 5
387 109 5
387 111 4
387 118 5
387 127 5
387 131 5
387 132 5
387 136 5
387 142 5
387 151 5
387 152 4
387 153 3
387 154 1
387 159 4
387 160 2
387 167 3
387 168 5
387 172 5
387 173 5
387 174 2
387 176 5
387 178 4
387 179 3
387 181 5
387 185 2
387 186 5
387 191 4
387 194 5
387 197 2
387 202 4
387 204 5
387 205 5
387 208 5
387 210 5
387 211 4
387 216 4
387 217 4
387 234 5
387 238 4
387 249 5
387 275 5
387 283 5
387 285 4
387 300 5
387 301 3
387 346 5
387 378 5
387 383 1
387 384 4
387 393 1
387 395 1
387 396 1
387 401 4
387 404 4
387 407 5
387 410 3
387 411 5
387 414 5
387 416 5
387 420 1
387 423 2
387 428 5
387 429 5
387 435 5
387 451 3
387 454 5
387 467 5
387 471 3
387 474 1
387 475 1
387 477 5
387 478 5
387 479 5
387 480 5
387 481 3
387 483 5
387 484 2
387 490 5
387 491 5
387 492 1
387 493 5
387 497 5
387 498 5
387 499 4
387 501 3
387 502 5
387 503 1
387 504 3
387 506 5
387 507 3
387 509 4
387 510 5
387 514 5
387 517 5
387 518 4
387 519 4
387 520 2
387 525 5
387 526 4
387 550 3
387 558 5
387 568 2
387 583 5
387 584 5
387 588 2
387 591 5
387 602 5
387 604 5
387 605 1
387 607 5
387 610 5
387 612 5
387 613 5
387 615 2
387 616 5
387 630 2
387 631 5
387 642 3
387 649 5
387 656 5
387 657 1
387 661 5
387 662 2
387 671 3
387 674 1
387 693 3
387 699 5
387 700 5
387 705 5
387 712 4
387 715 4
387 731 5
387 732 4
387 736 5
387 739 5
387 756 2
387 763 4
387 778 5
387 780 3
387 785 5
387 792 1
387 820 3
387 824 1
387 835 4
387 836 5
387 845 5
387 847 5
387 923 5
387 926 5
387 942 5
387 945 5
387 954 5
387 997 5
388 1 3
388 9 5
388 13 5
388 126 2
388 258 5
388 275 5
388 302 5
388 304 3
388 319 2
388 328 1
388 329 5
388 331 3
388 740 2
388 742 1
388 845 5
388 989 2
389 9 5
389 11 5
389 12 5
389 15 5
389 22 5
389 31 2
389 47 5
389 48 4
389 56 2
389 58 3
389 59 5
389 60 5
389 64 5
389 69 4
389 71 5
389 76 5
389 89 5
389 97 1
389 100 5
389 127 5
389 132 5
389 134 5
389 148 5
389 168 5
389 173 5
389 182 5
389 188 5
389 191 5
389 195 5
389 197 4
389 200 5
389 203 5
389 204 5
389 205 5
389 213 5
389 215 1
389 222 5
389 234 5
389 237 5
389 238 5
389 258 5
389 264 5
389 276 5
389 282 4
389 286 4
389 288 1
389 294 5
389 300 5
389 318 5
389 334 5
389 357 1
389 421 5
389 458 3
389 460 5
389 471 4
389 474 1
389 479 5
389 480 5
389 482 5
389 490 5
389 491 5
389 498 5
389 504 5
389 507 2
389 508 5
389 510 5
389 511 3
389 527 4
389 530 3
389 544 5
389 546 5
389 603 1
389 604 5
389 628 5
389 646 3
389 659 3
389 661 5
389 678 5
389 748 5
389 772 1
389 774 5
389 963 5
390 8 5
390 23 5
390 58 3
390 59 5
390 99 5
390 114 2
390 129 1
390 166 5
390 169 5
390 170 5
390 172 5
390 173 5
390 178 4
390 179 5
390 180 5
390 181 5
390 189 3
390 191 5
390 197 4
390 199 5
390 200 5
390 209 5
390 244 1
390 248 1
390 249 5
390 250 5
390 255 5
390 257 5
390 260 5
390 268 1
390 270 5
390 271 5
390 272 4
390 276 5
390 285 5
390 288 1
390 289 1
390 293 5
390 294 5
390 297 5
390 300 5
390 302 5
390 303 5
390 304 3
390 310 5
390 312 1
390 313 5
390 319 2
390 321 5
390 323 5
390 324 3
390 325 5
390 328 1
390 333 5
390 340 1
390 344 5
390 345 5
390 346 5
390 347 2
390 463 5
390 482 5
390 491 5
390 492 1
390 493 5
390 511 2
390 515 5
390 534 5
390 538 5
390 615 2
390 632 5
390 650 5
390 663 1
390 705 5
390 813 5
390 847 5
390 872 5
390 873 5
390 880 2
391 2 5
391 3 5
391 4 4
391 5 5
391 7 3
391 11 4
391 12 1
391 15 4
391 17 5
391 21 1
391 22 2
391 24 3
391 25 2
391 26 4
391 27 2
391 28 1
391 29 1
391 31 2
391 36 5
391 38 3
391 40 3
391 41 1
391 42 5
391 48 3
391 49 2
391 50 2
391 51 3
391 54 1
391 55 4
391 56 1
391 58 2
391 62 4
391 64 4
391 65 1
391 67 1
391 68 4
391 69 1
391 70 4
391 71 4
391 73 3
391 78 2
391 79 1
391 81 2
391 83 2
391 84 3
391 85 1
391 86 5
391 87 4
391 88 3
391 90 3
391 94 1
391 95 2
391 99 5
391 100 4
391 105 2
391 108 5
391 109 5
391 110 1
391 111 1
391 117 3
391 118 4
391 122 3
391 123 5
391 126 3
391 128 1
391 132 4
391 135 4
391 136 5
391 138 5
391 139 5
391 142 1
391 144 4
391 147 1
391 148 5
391 153 1
391 154 4
391 161 3
391 168 3
391 169 3
391 172 2
391 173 3
391 181 1
391 184 2
391 186 5
391 189 1
391 191 3
391 194 3
391 196 1
391 202 1
391 203 1
391 204 3
391 206 5
391 215 1
391 222 3
391 223 3
391 227 3
391 228 1
391 233 2
391 237 1
391 239 1
391 240 2
391 241 2
391 243 1
391 245 5
391 252 5
391 255 5
391 257 3
391 258 3
391 265 3
391 270 4
391 271 3
391 273 2
391 274 3
391 275 5
391 278 2
391 280 4
391 281 1
391 283 1
391 290 2
391 291 4
391 294 3
391 298 3
391 303 3
391 313 5
391 316 4
391 317 5
391 318 3
391 321 1
391 323 5
391 328 1
391 333 5
391 338 3
391 342 5
391 344 4
391 347 2
391 354 3
391 355 5
391 356 1
391 357 1
391 362 5
391 363 4
391 364 2
391 365 5
391 366 2
391 369 3
391 373 3
391 374 5
391 376 3
391 377 5
391 378 5
391 380 4
391 385 4
391 386 4
391 391 5
391 393 1
391 394 5
391 396 1
391 403 1
391 404 1
391 405 1
391 409 1
391 410 3
391 412 2
391 415 5
391 417 3
391 418 2
391 419 1
391 420 1
391 421 5
391 423 2
391 431 3
391 443 3
391 456 1
391 465 3
391 470 4
391 471 2
391 472 5
391 473 1
391 476 2
391 477 1
391 479 4
391 480 5
391 496 4
391 497 5
391 500 4
391 501 1
391 527 1
391 538 5
391 539 5
391 540 3
391 544 5
391 546 1
391 550 1
391 552 5
391 553 3
391 554 4
391 559 2
391 561 5
391 566 1
391 568 1
391 569 5
391 571 5
391 576 2
391 578 5
391 588 3
391 591 5
391 596 5
391 597 5
391 622 5
391 623 1
391 628 3
391 630 2
391 633 1
391 636 1
391 644 5
391 651 1
391 655 1
391 659 1
391 672 4
391 681 5
391 683 4
391 685 4
391 686 3
391 687 3
391 690 3
391 692 1
391 696 3
391 705 4
391 710 5
391 715 3
391 717 4
391 721 5
391 722 2
391 725 5
391 727 5
391 728 1
391 731 1
391 737 5
391 739 3
391 742 1
391 747 5
391 751 3
391 755 2
391 756 4
391 761 2
391 763 5
391 771 5
391 775 2
391 778 5
391 779 1
391 780 1
391 781 4
391 783 1
391 789 3
391 792 1
391 794 3
391 797 4
391 802 1
391 805 5
391 808 4
391 810 4
391 812 5
391 815 4
391 821 5
391 824 4
391 825 4
391 826 4
391 831 4
391 836 5
391 840 4
391 841 5
391 842 5
391 843 5
391 845 2
391 870 5
391 871 2
391 876 5
391 879 5
391 890 5
391 905 5
391 922 5
391 929 5
391 930 5
391 932 1
391 939 2
391 940 1
391 944 4
391 949 1
391 951 5
391 953 3
391 964 5
391 977 1
391 996 1
391 997 1
391 999 1
391 1000 1
392 1 4
392 7 5
392 28 2
392 31 2
392 38 5
392 39 5
392 42 5
392 56 2
392 63 4
392 68 5
392 72 5
392 73 5
392 79 2
392 84 5
392 88 5
392 96 5
392 97 1
392 98 5
392 101 5
392 117 5
392 121 5
392 128 4
392 132 5
392 144 5
392 154 4
392 156 2
392 158 2
392 161 5
392 164 5
392 172 5
392 174 5
392 179 3
392 181 5
392 184 5
392 195 5
392 208 5
392 210 5
392 216 3
392 217 5
392 218 5
392 222 5
392 226 1
392 227 5
392 229 5
392 230 5
392 232 5
392 233 5
392 238 5
392 250 5
392 257 5
392 265 5
392 282 3
392 288 1
392 313 5
392 364 1
392 383 4
392 385 5
392 386 5
392 411 5
392 416 5
392 419 1
392 423 3
392 433 3
392 449 5
392 450 4
392 455 5
392 496 5
392 508 5
392 540 5
392 541 1
392 550 3
392 552 5
392 554 5
392 559 1
392 561 5
392 568 2
392 576 4
392 578 5
392 597 5
392 655 4
392 658 5
392 665 5
392 679 5
392 746 5
392 763 3
392 771 1
392 773 5
392 780 3
392 797 4
392 802 4
392 979 4
393 1 4
393 50 5
393 64 5
393 89 5
393 97 1
393 98 4
393 100 5
393 121 5
393 151 5
393 154 4
393 174 5
393 186 5
393 196 1
393 210 5
393 216 4
393 237 5
393 252 5
393 255 5
393 257 5
393 273 4
393 313 5
393 315 2
393 328 1
393 342 5
393 343 5
393 423 3
393 458 3
393 472 4
393 632 5
393 739 5
393 892 3
393 924 5
394 1 4
394 9 5
394 25 1
394 100 5
394 106 4
394 117 5
394 121 5
394 125 3
394 222 5
394 237 5
394 245 5
394 260 4
394 274 5
394 291 4
394 300 5
394 322 4
394 328 1
394 329 5
394 333 5
394 405 3
394 455 5
394 471 1
394 591 5
394 619 5
394 678 5
394 717 5
394 751 5
394 840 3
394 930 5
394 977 4
394 986 3
395 7 5
395 8 5
395 23 5
395 56 2
395 95 2
395 100 5
395 108 5
395 109 5
395 117 5
395 127 5
395 134 5
395 135 5
395 156 2
395 171 5
395 172 5
395 174 5
395 177 5
395 178 3
395 181 5
395 183 5
395 192 5
395 194 5
395 197 3
395 210 5
395 221 3
395 223 5
395 261 5
395 268 1
395 286 4
395 288 1
395 302 5
395 313 5
395 318 5
395 322 4
395 324 3
395 325 5
395 327 4
395 334 5
395 338 4
395 340 1
395 345 5
395 346 5
395 390 5
395 423 3
395 457 3
395 475 2
395 479 5
395 483 5
395 498 5
395 513 3
395 588 1
395 615 1
395 641 5
395 657 2
395 680 3
395 705 5
395 748 5
395 751 5
395 853 5
395 855 5
395 878 5
395 894 5
395 896 5
395 988 5
395 989 2
395 991 5
396 4 4
396 12 5
396 13 5
396 15 5
396 25 1
396 28 2
396 31 4
396 47 5
396 49 4
396 50 5
396 56 1
396 58 1
396 63 2
396 64 5
396 65 3
396 66 5
396 69 4
396 70 5
396 72 5
396 73 5
396 82 5
396 85 5
396 88 5
396 94 5
396 95 3
396 117 5
396 124 5
396 125 3
396 126 1
396 127 5
396 144 5
396 152 5
396 154 1
396 159 5
396 162 5
396 163 2
396 167 5
396 168 5
396 172 5
396 173 5
396 174 5
396 178 4
396 181 5
396 182 5
396 183 5
396 186 5
396 191 5
396 194 5
396 196 1
396 197 5
396 199 5
396 202 5
396 203 5
396 204 5
396 205 5
396 211 3
396 216 1
396 227 5
396 228 3
396 229 5
396 230 5
396 234 5
396 235 5
396 239 5
396 274 5
396 276 5
396 284 5
396 357 1
396 385 5
396 393 1
396 399 4
396 403 2
396 414 5
396 417 2
396 423 3
396 429 5
396 430 3
396 432 4
396 435 5
396 474 2
396 476 1
396 479 5
396 480 5
396 481 4
396 485 5
396 491 5
396 493 5
396 494 5
396 495 1
396 496 5
396 497 5
396 498 5
396 501 3
396 502 5
396 504 5
396 510 5
396 514 5
396 519 4
396 520 4
396 521 4
396 525 5
396 588 1
396 589 3
396 591 5
396 602 5
396 648 5
396 654 5
396 663 2
396 692 3
396 700 1
396 710 5
396 715 5
396 732 5
396 735 1
396 737 5
396 756 2
396 796 2
396 953 5
396 969 1
396 991 5
396 993 5
397 2 5
397 5 5
397 8 5
397 9 5
397 15 5
397 22 5
397 26 1
397 31 1
397 33 5
397 38 5
397 41 1
397 42 5
397 48 2
397 53 1
397 55 4
397 56 3
397 57 5
397 58 1
397 62 5
397 63 3
397 66 4
397 67 2
397 68 5
397 69 5
397 71 5
397 72 5
397 73 4
397 77 2
397 79 2
397 80 5
397 84 5
397 91 5
397 94 4
397 95 3
397 97 3
397 98 4
397 99 5
397 102 2
397 110 5
397 114 2
397 117 5
397 118 3
397 121 4
397 127 5
397 128 2
397 132 5
397 140 3
397 143 1
397 144 4
397 147 1
397 148 5
397 153 3
397 154 1
397 155 5
397 156 2
397 157 3
397 161 5
397 164 5
397 172 4
397 173 5
397 174 4
397 175 2
397 179 4
397 180 5
397 181 5
397 186 5
397 187 4
397 188 5
397 195 5
397 196 2
397 203 4
397 204 5
397 210 5
397 214 5
397 215 2
397 219 5
397 223 5
397 226 1
397 227 5
397 228 5
397 229 4
397 230 5
397 231 5
397 233 5
397 234 5
397 237 4
397 238 3
397 239 4
397 241 5
397 264 3
397 265 5
397 268 2
397 273 1
397 274 5
397 276 5
397 282 3
397 284 5
397 288 1
397 289 2
397 291 5
397 295 5
397 301 4
397 307 5
397 318 5
397 323 5
397 332 4
397 338 3
397 340 1
397 364 3
397 372 3
397 378 5
397 382 4
397 383 4
397 384 5
397 385 5
397 386 5
397 388 3
397 389 5
397 393 2
397 399 5
397 400 5
397 401 4
397 402 5
397 403 1
397 405 3
397 407 5
397 412 5
397 413 5
397 418 4
397 420 2
397 423 4
397 431 5
397 432 5
397 436 5
397 444 3
397 450 3
397 451 3
397 452 5
397 454 5
397 455 5
397 459 5
397 470 1
397 471 1
397 475 1
397 486 5
397 496 5
397 501 3
397 506 5
397 508 5
397 527 3
397 531 5
397 542 5
397 543 5
397 544 4
397 546 5
397 549 3
397 550 4
397 551 5
397 554 5
397 559 2
397 564 5
397 566 5
397 568 3
397 575 5
397 576 4
397 578 5
397 582 5
397 587 5
397 588 1
397 591 5
397 597 5
397 616 1
397 622 5
397 628 5
397 633 1
397 651 4
397 655 5
397 673 1
397 679 5
397 684 3
397 693 1
397 697 5
397 710 4
397 720 1
397 722 3
397 727 5
397 732 5
397 735 1
397 738 1
397 742 1
397 744 1
397 747 5
397 754 5
397 755 1
397 760 5
397 763 3
397 768 4
397 769 4
397 772 2
397 774 5
397 779 1
397 781 5
397 806 5
397 809 5
397 813 5
397 817 5
397 824 2
397 825 2
397 826 5
397 845 5
397 924 5
397 926 5
397 928 1
397 941 4
397 946 5
397 959 5
397 969 2
397 975 5
397 977 4
397 986 3
398 258 5
398 286 5
398 288 1
398 294 5
398 300 5
398 304 3
398 332 5
398 689 3
398 690 2
399 9 5
399 11 5
399 13 5
399 14 1
399 25 1
399 26 1
399 44 5
399 50 5
399 64 5
399 65 2
399 69 3
399 70 5
399 71 5
399 83 5
399 97 2
399 100 5
399 117 5
399 127 5
399 133 5
399 135 5
399 143 1
399 144 5
399 147 1
399 151 5
399 153 1
399 154 3
399 157 2
399 161 5
399 162 5
399 172 5
399 173 5
399 174 5
399 181 5
399 194 5
399 196 1
399 197 5
399 198 5
399 199 4
399 202 5
399 204 5
399 210 5
399 225 5
399 248 1
399 257 5
399 272 5
399 273 2
399 275 5
399 276 5
399 280 1
399 282 4
399 294 5
399 302 5
399 312 1
399 315 2
399 316 5
399 321 5
399 322 5
399 328 1
399 342 5
399 356 5
399 357 1
399 365 5
399 371 2
399 385 5
399 404 3
399 430 2
399 435 5
399 451 1
399 462 5
399 471 3
399 473 1
399 477 5
399 478 5
399 481 3
399 483 5
399 485 5
399 486 5
399 493 5
399 499 4
399 501 2
399 507 1
399 508 5
399 509 1
399 511 2
399 515 5
399 519 3
399 520 5
399 527 4
399 528 5
399 535 4
399 553 5
399 566 3
399 582 5
399 588 1
399 603 1
399 604 5
399 609 5
399 630 2
399 632 5
399 638 5
399 651 5
399 654 5
399 655 4
399 659 3
399 661 5
399 684 1
399 707 5
399 724 5
399 735 3
399 748 5
399 762 3
399 815 5
399 866 2
399 892 3
400 7 5
400 9 5
400 10 5
400 12 5
400 13 5
400 16 5
400 19 5
400 25 1
400 42 5
400 50 5
400 111 5
400 116 5
400 117 5
400 124 4
400 126 2
400 127 5
400 135 5
400 151 5
400 182 5
400 204 5
400 235 5
400 237 5
400 245 5
400 255 5
400 257 5
400 273 4
400 276 5
400 286 5
400 455 5
400 471 4
400 475 3
400 476 1
400 479 5
400 480 5
400 483 5
400 511 3
400 515 5
400 529 5
400 628 5
400 696 5
400 864 4
