201 1 4
201 111 5
201 268 2
201 283 5
201 291 4
201 305 5
201 331 3
201 740 2
202 259 5
202 292 5
202 682 5
202 872 5
202 877 5
202 880 2
202 887 5
202 895 5
202 948 5
203 7 5
203 9 5
203 100 5
203 106 4
203 111 4
203 117 5
203 118 4
203 121 5
203 123 5
203 129 1
203 148 5
203 181 5
203 222 5
203 235 5
203 274 5
203 276 5
203 284 5
203 291 5
203 370 3
203 410 3
203 471 3
203 472 3
203 515 5
203 546 5
203 597 5
203 685 1
203 748 5
203 845 5
203 864 4
203 866 2
203 925 4
203 928 2
204 22 5
204 66 5
204 243 1
204 245 5
204 258 5
204 259 5
204 269 5
204 270 5
204 289 1
204 300 5
204 307 5
204 310 5
204 313 5
204 323 5
204 327 3
204 331 4
204 333 5
204 342 5
204 343 5
204 348 1
204 678 5
204 683 5
204 687 5
204 689 4
204 690 3
204 748 5
204 754 5
204 879 5
204 892 3
204 901 4
205 2 5
205 5 5
205 8 4
205 11 5
205 12 3
205 22 5
205 23 4
205 28 3
205 29 4
205 30 3
205 31 1
205 32 5
205 33 5
205 37 2
205 38 5
205 39 4
205 40 5
205 41 1
205 42 5
205 43 1
205 45 5
205 47 5
205 48 3
205 49 2
205 50 5
205 51 5
205 52 4
205 53 1
205 55 4
205 56 1
205 57 5
205 58 2
205 60 5
205 61 5
205 62 5
205 63 4
205 64 5
205 66 1
205 67 1
205 68 5
205 70 3
205 71 2
205 72 2
205 73 4
205 75 5
205 76 1
205 77 3
205 78 2
205 80 2
205 81 2
205 82 4
205 83 5
205 85 5
205 87 5
205 88 5
205 90 2
205 91 5
205 92 5
205 94 4
205 96 5
205 97 2
205 98 4
205 101 5
205 102 1
205 127 5
205 132 5
205 135 5
205 139 5
205 141 5
205 142 1
205 149 5
205 161 4
205 168 5
205 169 3
205 172 5
205 173 5
205 175 1
205 178 5
205 179 3
205 180 5
205 183 4
205 184 5
205 185 1
205 186 5
205 188 5
205 189 1
205 190 4
205 191 3
205 192 4
205 193 4
205 195 5
205 197 2
205 198 4
205 199 5
205 200 5
205 202 4
205 204 5
205 206 3
205 207 5
205 208 5
205 210 5
205 211 4
205 212 3
205 214 5
205 215 2
205 216 3
205 217 4
205 218 5
205 219 1
205 226 2
205 227 5
205 228 5
205 229 3
205 230 5
205 231 5
205 232 5
205 233 5
205 234 5
205 238 3
205 239 4
205 265 5
205 288 2
205 302 5
205 308 1
205 317 4
205 318 5
205 347 2
205 350 5
205 351 5
205 356 1
205 361 1
205 364 4
205 365 5
205 366 2
205 367 3
205 371 1
205 374 5
205 376 2
205 377 5
205 379 5
205 383 3
205 384 2
205 386 5
205 387 4
205 388 4
205 391 5
205 393 2
205 395 1
205 396 1
205 397 1
205 399 5
205 400 5
205 402 5
205 403 1
205 404 2
205 414 5
205 415 5
205 416 5
205 417 2
205 419 1
205 420 4
205 421 5
205 422 5
205 423 2
205 426 5
205 427 2
205 430 1
205 431 5
205 433 2
205 434 5
205 437 5
205 438 5
205 439 5
205 440 5
205 441 4
205 442 5
205 444 1
205 446 5
205 447 5
205 448 4
205 449 5
205 450 1
205 451 2
205 452 5
205 453 1
205 461 5
205 462 4
205 463 5
205 464 5
205 465 4
205 467 1
205 469 2
205 470 2
205 480 5
205 482 5
205 501 1
205 504 5
205 509 3
205 510 5
205 511 2
205 514 5
205 515 5
205 516 4
205 517 4
205 518 3
205 519 4
205 520 2
205 521 5
205 522 5
205 523 5
205 524 5
205 525 5
205 526 2
205 527 1
205 528 5
205 529 4
205 530 3
205 536 5
205 537 3
205 540 3
205 541 3
205 543 5
205 545 5
205 548 5
205 549 3
205 551 5
205 552 5
205 553 5
205 555 5
205 556 5
205 557 3
205 558 5
205 559 2
205 560 5
205 561 5
205 562 1
205 563 5
205 564 5
205 565 5
205 566 3
205 567 1
205 568 3
205 569 5
205 570 5
205 573 5
205 574 5
205 575 5
205 577 2
205 578 5
205 579 5
205 580 3
205 581 4
205 583 5
205 584 5
205 585 5
205 586 5
205 588 4
205 592 5
205 593 2
205 603 2
205 606 5
205 622 5
205 623 1
205 624 2
205 625 1
205 626 5
205 627 1
205 639 5
205 642 1
205 643 5
205 644 5
205 645 5
205 647 3
205 648 4
205 649 5
205 650 5
205 651 5
205 652 4
205 653 1
205 654 5
205 655 1
205 656 5
205 659 1
205 661 5
205 662 2
205 664 5
205 666 5
205 667 5
205 669 5
205 670 5
205 671 4
205 673 3
205 674 1
205 675 5
205 679 5
205 684 3
205 692 1
205 693 3
205 694 5
205 695 5
205 697 5
205 699 5
205 700 5
205 702 5
205 707 5
205 708 3
205 710 5
205 712 3
205 714 5
205 715 4
205 716 5
205 719 1
205 720 3
205 721 5
205 722 2
205 723 3
205 726 3
205 727 5
205 728 5
205 729 3
205 731 3
205 732 5
205 734 5
205 736 3
205 739 5
205 745 3
205 746 5
205 747 5
205 753 3
205 755 1
205 759 4
205 761 1
205 765 5
205 768 4
205 769 4
205 770 2
205 771 1
205 772 1
205 773 5
205 774 5
205 775 5
205 776 5
205 777 1
205 778 3
205 779 1
205 780 4
205 782 5
205 783 4
205 784 5
205 785 5
205 786 3
205 787 5
205 788 5
205 789 5
205 790 5
205 791 5
205 793 1
205 794 4
205 795 5
205 796 4
205 798 5
205 802 4
205 807 5
205 808 4
205 810 5
205 812 5
205 816 5
205 842 3
205 843 5
205 849 5
205 851 5
205 853 5
205 854 5
205 855 5
205 858 5
205 859 5
205 860 5
205 861 5
205 904 5
205 921 2
205 939 2
205 941 1
205 943 5
205 944 5
205 946 4
205 947 5
205 949 3
205 951 3
205 953 3
205 955 3
205 956 5
205 957 5
205 959 5
205 960 4
205 964 5
205 969 2
205 971 1
205 994 5
205 996 5
205 997 5
205 999 5
206 1 3
206 3 5
206 4 5
206 5 5
206 7 5
206 8 5
206 10 5
206 11 5
206 12 5
206 13 5
206 14 1
206 15 5
206 20 5
206 22 5
206 24 4
206 25 2
206 28 3
206 30 2
206 32 5
206 39 5
206 40 5
206 42 5
206 47 5
206 48 3
206 50 5
206 52 5
206 58 2
206 63 5
206 64 5
206 69 4
206 71 5
206 72 5
206 79 1
206 85 5
206 86 5
206 87 5
206 89 5
206 92 4
206 93 5
206 96 5
206 99 5
206 115 4
206 117 5
206 121 5
206 123 5
206 125 3
206 127 5
206 129 3
206 131 5
206 132 5
206 133 5
206 134 5
206 135 5
206 136 5
206 143 1
206 148 5
206 151 5
206 152 5
206 153 3
206 156 2
206 158 2
206 164 5
206 168 5
206 170 5
206 172 5
206 173 5
206 174 5
206 175 2
206 179 5
206 181 5
206 182 5
206 183 4
206 186 5
206 187 3
206 188 5
206 190 5
206 191 5
206 194 5
206 195 5
206 196 1
206 198 5
206 199 5
206 202 5
206 203 5
206 204 5
206 206 5
206 209 5
206 211 3
206 212 5
206 213 5
206 215 2
206 218 5
206 219 5
206 220 1
206 222 5
206 228 3
206 234 5
206 235 5
206 237 5
206 238 5
206 239 5
206 240 3
206 274 5
206 275 5
206 276 5
206 277 5
206 284 5
206 289 2
206 317 3
206 318 5
206 357 3
206 368 5
206 381 5
206 396 3
206 404 4
206 405 2
206 410 3
206 411 5
206 414 4
206 418 4
206 419 2
206 420 1
206 421 5
206 427 3
206 428 5
206 429 5
206 430 3
206 431 5
206 434 5
206 435 5
206 436 5
206 443 2
206 447 5
206 451 3
206 452 5
206 453 1
206 461 5
206 463 5
206 468 2
206 469 5
206 474 3
206 476 1
206 479 5
206 480 4
206 481 4
206 482 5
206 485 5
206 487 5
206 488 2
206 490 5
206 496 5
206 498 5
206 499 4
206 501 3
206 503 2
206 504 5
206 505 5
206 507 1
206 508 5
206 509 1
206 511 1
206 514 5
206 515 5
206 517 1
206 519 4
206 520 4
206 523 5
206 524 4
206 526 5
206 527 3
206 528 5
206 529 5
206 543 5
206 559 2
206 561 5
206 573 5
206 582 5
206 588 1
206 589 5
206 591 5
206 596 5
206 605 3
206 606 5
206 607 5
206 608 5
206 610 5
206 611 5
206 612 5
206 624 5
206 632 5
206 633 3
206 634 5
206 638 5
206 639 5
206 640 5
206 641 5
206 642 4
206 645 5
206 647 5
206 651 4
206 652 5
206 655 5
206 662 2
206 663 3
206 664 5
206 665 5
206 672 4
206 675 5
206 692 2
206 693 2
206 699 5
206 701 5
206 705 5
206 712 4
206 713 5
206 715 4
206 727 5
206 732 5
206 735 2
206 737 5
206 745 5
206 746 5
206 747 5
206 756 3
206 772 1
206 787 5
206 813 4
206 823 4
206 825 3
206 826 5
206 831 5
206 845 5
206 919 5
206 921 5
206 923 5
206 942 5
206 960 5
206 962 5
207 1 5
207 2 5
207 4 5
207 8 5
207 25 1
207 28 3
207 29 5
207 40 5
207 45 5
207 50 5
207 56 2
207 62 5
207 68 5
207 69 4
207 70 5
207 82 5
207 88 5
207 89 5
207 91 5
207 96 5
207 97 1
207 98 4
207 99 5
207 100 5
207 117 4
207 118 5
207 123 5
207 127 5
207 132 5
207 135 5
207 143 2
207 144 5
207 147 1
207 157 1
207 158 1
207 159 5
207 161 5
207 163 5
207 172 5
207 173 5
207 174 5
207 177 4
207 179 5
207 180 3
207 181 5
207 182 5
207 183 4
207 185 4
207 186 5
207 188 5
207 193 5
207 194 5
207 196 1
207 197 4
207 200 5
207 201 4
207 202 5
207 203 5
207 205 5
207 208 5
207 209 5
207 211 1
207 214 4
207 215 1
207 216 1
207 217 5
207 218 5
207 222 5
207 223 5
207 226 1
207 227 5
207 228 3
207 229 5
207 230 5
207 231 5
207 232 5
207 235 5
207 238 3
207 239 5
207 244 2
207 248 3
207 249 5
207 250 4
207 255 3
207 257 4
207 265 5
207 269 5
207 274 5
207 286 3
207 289 1
207 290 5
207 291 3
207 313 5
207 316 4
207 345 5
207 357 1
207 371 1
207 382 3
207 385 5
207 393 1
207 399 4
207 400 5
207 405 2
207 416 5
207 418 4
207 423 3
207 427 1
207 428 4
207 432 5
207 433 4
207 436 5
207 447 5
207 448 3
207 449 5
207 455 5
207 466 1
207 476 1
207 478 5
207 479 5
207 483 5
207 484 1
207 493 5
207 496 5
207 502 5
207 508 5
207 510 5
207 514 5
207 519 2
207 521 2
207 525 3
207 559 2
207 561 5
207 565 5
207 588 1
207 603 4
207 616 4
207 629 5
207 635 5
207 642 5
207 648 5
207 656 5
207 657 2
207 660 4
207 675 5
207 684 1
207 705 5
207 710 5
207 712 3
207 715 5
207 729 2
207 732 5
207 746 5
207 755 1
207 756 2
207 785 5
207 844 5
207 859 5
207 869 2
207 879 5
207 949 4
207 969 1
207 972 5
207 993 5
208 270 5
208 271 3
208 286 4
208 294 5
208 300 5
208 313 5
208 315 2
208 319 2
208 328 1
208 347 2
208 358 3
208 539 5
208 683 5
208 689 4
208 748 5
209 6 5
209 8 5
209 9 5
209 12 5
209 14 2
209 22 5
209 23 5
209 28 3
209 30 5
209 48 5
209 50 5
209 58 2
209 59 4
209 60 5
209 65 1
209 87 5
209 97 1
209 98 5
209 99 5
209 100 5
209 133 5
209 135 5
209 153 2
209 154 4
209 156 2
209 162 5
209 166 5
209 168 5
209 170 5
209 172 5
209 173 5
209 174 5
209 175 3
209 179 5
209 181 5
209 186 5
209 191 5
209 192 5
209 195 5
209 197 5
209 199 4
209 200 5
209 201 5
209 202 5
209 203 3
209 204 5
209 205 5
209 207 4
209 209 5
209 210 5
209 213 5
209 214 5
209 216 4
209 223 5
209 264 2
209 266 2
209 270 5
209 275 5
209 276 5
209 283 4
209 285 3
209 286 5
209 288 2
209 300 5
209 303 2
209 318 5
209 321 5
209 322 5
209 325 5
209 327 1
209 339 3
209 343 5
209 357 1
209 367 5
209 381 5
209 382 2
209 404 3
209 427 1
209 428 4
209 429 5
209 430 3
209 433 5
209 435 5
209 461 5
209 478 5
209 479 5
209 480 5
209 481 3
209 482 5
209 483 5
209 485 5
209 486 4
209 489 1
209 491 5
209 493 5
209 496 5
209 497 5
209 498 5
209 504 5
209 505 5
209 514 5
209 516 4
209 518 3
209 520 4
209 523 5
209 526 3
209 527 4
209 528 5
209 530 3
209 604 5
209 606 5
209 607 3
209 608 5
209 609 4
209 615 1
209 618 4
209 631 4
209 633 3
209 647 5
209 654 5
209 659 3
209 661 5
209 664 3
209 676 5
209 680 4
209 684 2
209 708 5
209 709 5
209 714 5
209 733 5
209 749 3
209 855 5
209 877 1
209 879 1
209 937 3
209 945 4
209 965 3
209 995 5
210 258 5
210 269 5
210 286 4
210 289 1
210 300 5
210 311 1
210 312 1
210 313 5
210 315 1
210 316 5
210 323 5
210 328 1
210 340 2
210 354 3
210 690 2
210 754 5
210 873 5
210 898 5
210 905 5
211 1 4
211 4 5
211 9 5
211 22 5
211 38 5
211 56 2
211 73 5
211 88 5
211 117 5
211 161 5
211 168 5
211 172 5
211 181 5
211 186 5
211 195 5
211 196 1
211 208 5
211 209 5
211 210 5
211 222 5
211 227 5
211 228 4
211 229 5
211 230 5
211 258 5
211 265 5
211 276 5
211 318 5
211 405 2
211 435 5
211 449 5
211 451 2
211 485 5
211 527 4
211 566 4
211 568 2
211 651 5
211 655 4
211 709 5
211 720 1
211 732 5
211 770 5
212 4 5
212 7 5
212 23 5
212 24 5
212 28 4
212 56 1
212 64 5
212 70 5
212 81 5
212 92 5
212 96 5
212 150 5
212 154 5
212 172 5
212 173 5
212 175 4
212 182 5
212 186 5
212 193 5
212 206 5
212 211 3
212 218 5
212 276 5
212 288 2
212 318 5
212 340 1
212 408 2
212 427 1
212 436 5
212 480 5
212 487 5
212 508 5
212 526 5
212 634 5
212 651 5
212 684 1
212 724 5
213 7 5
213 9 5
213 15 5
213 50 5
213 124 5
213 181 5
213 222 5
213 236 5
213 245 5
213 255 5
213 257 5
213 258 5
213 260 5
213 269 5
213 271 4
213 275 5
213 286 4
213 297 5
213 300 5
213 301 4
213 302 5
213 303 5
213 306 2
213 326 5
213 328 1
213 332 5
213 471 4
213 508 5
213 628 5
213 690 2
213 877 5
213 936 5
214 100 5
214 258 5
214 260 5
214 294 5
214 300 5
214 301 4
214 302 5
214 325 5
214 340 1
214 343 5
214 678 5
214 748 5
215 56 1
215 185 3
215 195 5
215 243 1
215 269 5
215 322 5
215 323 5
215 328 1
215 432 4
215 531 5
215 748 5
215 754 5
216 1 2
216 2 3
216 7 5
216 8 5
216 9 4
216 10 5
216 11 4
216 12 3
216 13 5
216 14 1
216 21 4
216 22 3
216 24 3
216 25 2
216 27 1
216 28 1
216 29 4
216 31 2
216 32 3
216 36 5
216 38 5
216 41 1
216 42 5
216 43 4
216 44 5
216 49 4
216 50 4
216 51 3
216 53 1
216 54 5
216 55 2
216 56 2
216 58 1
216 64 5
216 65 1
216 66 3
216 67 2
216 69 4
216 70 5
216 71 5
216 73 3
216 77 1
216 81 2
216 82 5
216 83 4
216 85 4
216 86 5
216 87 4
216 88 5
216 90 4
216 92 5
216 93 5
216 94 4
216 97 2
216 98 4
216 99 5
216 105 5
216 106 3
216 107 2
216 117 3
216 121 5
216 123 5
216 125 1
216 126 1
216 127 4
216 132 5
216 133 4
216 134 4
216 136 5
216 137 5
216 140 1
216 142 5
216 143 1
216 144 5
216 148 5
216 154 1
216 155 4
216 156 3
216 157 4
216 158 1
216 159 4
216 161 5
216 168 4
216 172 5
216 174 3
216 176 5
216 178 1
216 181 4
216 182 5
216 183 5
216 185 2
216 187 2
216 191 5
216 194 5
216 195 4
216 196 3
216 197 1
216 199 3
216 200 5
216 202 4
216 203 4
216 204 5
216 209 3
216 210 5
216 211 2
216 213 5
216 215 3
216 216 4
216 217 4
216 219 2
216 220 1
216 225 2
216 226 1
216 230 5
216 234 5
216 237 5
216 238 4
216 239 4
216 240 1
216 241 5
216 242 1
216 245 4
216 246 3
216 248 1
216 249 3
216 250 5
216 251 4
216 252 5
216 253 5
216 254 1
216 257 4
216 258 5
216 259 2
216 264 3
216 266 2
216 268 2
216 272 5
216 274 5
216 275 5
216 276 5
216 277 5
216 281 4
216 283 5
216 284 5
216 285 5
216 286 1
216 287 5
216 288 1
216 289 3
216 294 4
216 295 5
216 297 5
216 298 1
216 301 3
216 304 5
216 307 5
216 312 2
216 313 5
216 315 1
216 316 5
216 317 3
216 318 5
216 319 1
216 322 5
216 323 5
216 326 5
216 327 4
216 328 2
216 329 3
216 331 4
216 332 4
216 333 4
216 338 1
216 339 2
216 346 5
216 347 2
216 348 2
216 354 5
216 356 1
216 357 1
216 364 3
216 366 4
216 367 4
216 369 1
216 375 1
216 378 5
216 385 5
216 388 3
216 393 1
216 395 1
216 396 1
216 399 5
216 401 3
216 402 5
216 403 1
216 404 1
216 405 4
216 411 5
216 412 5
216 417 3
216 418 5
216 419 1
216 423 3
216 425 2
216 427 2
216 431 5
216 432 2
216 433 1
216 443 2
216 448 4
216 451 1
216 452 5
216 462 5
216 463 5
216 468 1
216 469 5
216 471 2
216 472 2
216 473 1
216 475 1
216 476 1
216 479 5
216 480 3
216 496 5
216 498 3
216 500 4
216 501 3
216 506 4
216 509 2
216 515 4
216 526 3
216 531 4
216 532 5
216 538 5
216 546 3
216 549 4
216 553 4
216 554 5
216 559 1
216 560 5
216 564 5
216 568 3
216 576 5
216 578 5
216 585 3
216 588 2
216 591 5
216 592 5
216 607 5
216 614 4
216 619 5
216 625 1
216 627 5
216 628 5
216 633 3
216 651 5
216 652 4
216 657 3
216 658 5
216 660 2
216 662 2
216 676 3
216 678 4
216 682 5
216 684 3
216 685 1
216 686 1
216 689 1
216 690 1
216 693 3
216 696 5
216 699 3
216 707 2
216 708 3
216 710 4
216 712 4
216 713 5
216 717 5
216 720 2
216 721 5
216 723 2
216 724 5
216 729 1
216 734 5
216 735 3
216 737 5
216 738 1
216 739 5
216 746 5
216 747 4
216 748 5
216 750 5
216 754 4
216 755 3
216 761 1
216 762 5
216 768 4
216 770 5
216 775 5
216 778 5
216 781 5
216 783 4
216 785 4
216 790 3
216 792 1
216 794 5
216 795 5
216 803 1
216 807 1
216 812 5
216 815 5
216 819 5
216 821 5
216 824 1
216 827 5
216 833 5
216 834 5
216 840 3
216 842 5
216 843 5
216 845 5
216 849 5
216 864 2
216 866 1
216 873 3
216 874 3
216 879 2
216 895 5
216 915 1
216 916 5
216 917 5
216 918 5
216 928 1
216 929 5
216 931 5
216 934 5
216 936 5
216 937 5
216 938 5
216 941 5
216 955 3
216 959 5
216 966 4
216 972 5
216 975 5
216 980 5
216 985 5
216 990 4
216 997 5
217 1 1
217 3 5
217 5 5
217 7 5
217 11 4
217 12 2
217 13 5
217 15 4
217 16 5
217 17 4
217 20 5
217 23 5
217 27 1
217 29 4
217 32 4
217 39 1
217 42 5
217 44 3
217 47 1
217 50 5
217 51 2
217 55 4
217 56 2
217 58 3
217 62 4
217 63 5
217 64 4
217 65 2
217 67 2
217 68 4
217 69 1
217 70 5
217 72 5
217 73 5
217 77 1
217 78 5
217 79 1
217 80 2
217 81 5
217 82 4
217 83 3
217 89 4
217 91 5
217 95 1
217 96 5
217 97 1
217 98 1
217 99 5
217 100 5
217 101 5
217 106 3
217 109 3
217 118 5
217 120 5
217 122 5
217 123 5
217 125 5
217 127 5
217 131 4
217 132 5
217 135 5
217 139 5
217 142 4
217 144 4
217 145 4
217 147 1
217 154 3
217 157 1
217 159 5
217 162 5
217 164 5
217 167 3
217 168 4
217 169 3
217 171 5
217 172 5
217 173 4
217 174 3
217 176 2
217 178 4
217 179 1
217 181 5
217 182 5
217 183 1
217 184 2
217 186 5
217 190 2
217 195 4
217 196 2
217 198 4
217 200 5
217 201 4
217 202 5
217 206 4
217 207 2
217 208 3
217 214 5
217 216 1
217 217 4
217 218 5
217 219 3
217 222 4
217 223 5
217 226 2
217 228 1
217 232 3
217 234 4
217 235 5
217 242 5
217 245 5
217 246 5
217 248 2
217 250 5
217 252 5
217 255 5
217 257 5
217 258 5
217 260 5
217 264 4
217 265 5
217 270 5
217 273 3
217 286 4
217 288 1
217 290 1
217 293 5
217 294 5
217 298 1
217 323 5
217 324 1
217 325 5
217 326 5
217 340 3
217 357 1
217 358 4
217 364 1
217 367 3
217 373 3
217 380 4
217 382 1
217 385 4
217 386 3
217 388 2
217 391 5
217 392 3
217 393 1
217 395 2
217 396 2
217 399 3
217 402 5
217 403 1
217 404 1
217 413 5
217 419 1
217 420 1
217 421 5
217 422 3
217 423 3
217 425 5
217 428 3
217 431 4
217 433 5
217 436 5
217 441 3
217 444 1
217 447 5
217 449 3
217 451 1
217 452 5
217 461 5
217 465 5
217 472 5
217 474 1
217 475 3
217 483 5
217 484 2
217 485 5
217 498 5
217 501 1
217 508 5
217 513 1
217 518 4
217 541 2
217 544 5
217 545 5
217 546 3
217 551 5
217 552 5
217 555 5
217 559 1
217 561 3
217 562 5
217 563 5
217 574 5
217 578 2
217 579 5
217 582 2
217 596 5
217 597 5
217 614 5
217 616 2
217 625 1
217 628 5
217 631 4
217 636 1
217 638 5
217 640 5
217 642 4
217 655 4
217 658 5
217 665 4
217 668 5
217 669 5
217 674 5
217 679 4
217 684 1
217 685 4
217 692 1
217 708 5
217 709 4
217 710 4
217 715 3
217 723 5
217 725 5
217 727 5
217 728 1
217 732 5
217 742 2
217 746 3
217 747 5
217 748 5
217 758 5
217 762 3
217 764 5
217 765 5
217 767 5
217 769 4
217 774 5
217 778 5
217 781 5
217 783 1
217 792 2
217 796 1
217 797 2
217 800 5
217 804 1
217 809 5
217 810 4
217 815 5
217 825 3
217 827 5
217 831 5
217 849 2
217 855 5
217 871 5
217 895 5
217 923 5
217 928 2
217 940 1
217 943 5
217 944 2
217 946 5
217 963 5
217 979 4
217 999 1
217 1000 1
218 258 5
218 269 5
218 288 1
218 301 4
218 302 5
218 313 5
218 327 5
218 328 1
218 331 3
218 362 5
218 750 5
218 895 5
218 899 1
219 50 5
219 79 1
219 89 5
219 100 5
219 173 5
219 181 5
219 223 5
219 257 5
219 275 5
219 286 4
219 405 2
219 478 5
219 488 5
219 615 2
219 617 5
219 705 5
220 19 5
220 86 5
220 100 5
220 116 5
220 137 5
220 251 1
220 275 5
220 283 5
220 302 5
220 319 3
220 331 3
220 408 2
220 475 3
220 478 5
220 508 5
220 513 2
220 603 1
220 750 5
220 753 5
221 4 5
221 7 5
221 11 5
221 12 5
221 50 5
221 56 1
221 82 5
221 87 5
221 89 5
221 96 5
221 100 5
221 117 5
221 124 5
221 127 5
221 129 1
221 144 5
221 156 2
221 164 5
221 172 5
221 174 5
221 175 4
221 176 5
221 182 5
221 183 5
221 185 3
221 194 5
221 200 5
221 213 5
221 218 5
221 219 5
221 238 5
221 302 5
221 333 5
221 443 5
221 448 5
221 466 3
221 516 3
221 517 3
221 653 5
221 657 4
221 672 5
221 709 5
221 879 5
221 914 5
221 915 5
222 1 3
222 15 5
222 50 5
222 53 2
222 98 3
222 100 5
222 109 5
222 117 5
222 124 5
222 126 1
222 127 5
222 129 2
222 137 5
222 151 5
222 181 5
222 184 5
222 200 5
222 201 5
222 217 5
222 219 5
222 222 5
222 235 5
222 250 5
222 257 5
222 258 5
222 260 5
222 270 5
222 273 3
222 276 5
222 286 5
222 287 5
222 288 1
222 293 5
222 294 5
222 299 3
222 307 5
222 324 3
222 326 5
222 327 4
222 334 5
222 370 3
222 379 5
222 396 1
222 410 3
222 436 5
222 447 5
222 448 5
222 452 5
222 458 4
222 475 1
222 477 5
222 515 5
222 551 5
222 558 5
222 559 1
222 561 5
222 590 5
222 665 5
222 670 5
222 671 3
222 672 5
222 682 5
222 742 1
222 760 5
222 854 5
222 867 5
222 919 5
222 922 5
222 926 5
223 9 5
223 15 5
223 127 5
223 148 5
223 237 5
223 245 5
223 258 5
223 269 5
223 272 3
223 276 5
223 282 4
223 286 4
223 299 4
223 300 5
223 304 4
223 307 5
223 310 5
223 313 5
223 315 1
223 322 5
223 323 5
223 326 5
223 327 4
223 328 1
223 329 5
223 333 5
223 340 1
223 344 5
223 347 2
223 355 5
223 471 3
223 546 5
223 591 5
223 628 5
223 678 5
223 689 4
223 696 5
223 744 1
223 748 5
223 750 5
223 754 5
223 823 5
223 879 5
223 898 3
223 924 5
223 977 4
224 1 4
224 14 1
224 15 5
224 25 1
224 50 5
224 100 5
224 115 1
224 127 5
224 151 5
224 172 5
224 243 1
224 261 5
224 275 5
224 288 2
224 289 2
224 310 5
224 323 5
224 333 5
224 427 1
224 508 5
224 538 5
224 681 5
224 683 5
224 689 3
224 882 5
225 1 3
225 2 5
225 7 5
225 17 5
225 22 5
225 24 4
225 32 5
225 38 5
225 39 5
225 53 1
225 55 4
225 62 5
225 68 5
225 79 1
225 82 5
225 83 5
225 98 4
225 100 5
225 117 5
225 118 5
225 121 5
225 124 5
225 127 5
225 144 5
225 147 1
225 156 2
225 168 5
225 171 5
225 172 5
225 174 5
225 176 5
225 177 5
225 178 4
225 180 5
225 183 5
225 185 3
225 187 4
225 188 5
225 191 5
225 195 5
225 198 5
225 200 5
225 201 5
225 204 5
225 207 5
225 209 5
225 210 5
225 218 5
225 222 5
225 227 5
225 229 5
225 230 5
225 231 5
225 232 5
225 234 5
225 241 5
225 244 2
225 250 5
225 252 5
225 257 5
225 259 5
225 271 1
225 272 4
225 273 3
225 281 4
225 286 4
225 288 1
225 298 1
225 302 5
225 305 5
225 307 5
225 310 5
225 313 5
225 316 5
225 318 5
225 322 5
225 323 5
225 324 3
225 325 5
225 327 3
225 333 5
225 338 2
225 340 3
225 343 2
225 346 5
225 355 5
225 357 1
225 358 2
225 362 5
225 363 5
225 379 5
225 385 5
225 398 1
225 424 3
225 429 5
225 445 1
225 447 5
225 448 5
225 452 5
225 474 1
225 475 2
225 491 5
225 515 4
225 520 5
225 522 5
225 529 5
225 538 5
225 540 5
225 550 3
225 562 5
225 566 3
225 568 2
225 573 5
225 576 4
225 583 5
225 590 5
225 597 5
225 636 2
225 669 5
225 670 5
225 675 5
225 678 5
225 679 5
225 686 3
225 690 3
225 748 5
225 750 5
225 751 5
225 759 5
225 823 5
225 825 3
225 831 5
225 841 5
225 853 5
225 877 5
225 879 4
225 895 5
225 912 5
225 943 5
225 976 4
226 23 5
226 50 5
226 98 4
226 99 5
226 133 5
226 134 5
226 135 5
226 168 5
226 174 5
226 178 4
226 182 5
226 185 3
226 191 5
226 196 1
226 197 4
226 199 5
226 200 5
226 204 5
226 208 5
226 211 3
226 318 5
226 418 5
226 427 2
226 428 5
226 430 2
226 432 4
226 435 5
226 474 1
226 478 5
226 480 5
226 483 5
226 486 5
226 488 5
226 490 5
226 491 5
226 492 1
226 493 5
226 494 5
226 504 5
226 505 5
226 510 5
226 511 1
226 524 5
226 525 5
226 526 5
226 601 5
226 603 1
226 605 3
226 606 5
226 607 5
226 608 5
226 610 3
226 613 5
226 614 5
226 616 4
226 631 4
226 633 3
226 646 4
226 648 5
226 651 5
226 653 5
226 654 5
226 655 4
226 657 3
226 673 5
226 705 5
226 754 5
226 835 1
226 836 5
226 848 5
227 245 5
227 258 5
227 263 5
227 286 5
227 292 4
227 300 5
227 302 5
227 303 5
227 304 3
227 319 2
227 332 5
227 341 5
227 359 5
227 680 5
227 681 5
227 682 5
227 688 5
227 874 5
228 243 1
228 259 5
228 268 2
228 271 5
228 272 5
228 286 5
228 289 1
228 294 5
228 300 5
228 301 1
228 305 4
228 307 5
228 312 1
228 313 5
228 322 5
228 323 5
228 326 5
228 329 5
228 332 5
228 334 5
228 338 5
228 344 5
228 350 5
228 538 5
228 690 3
228 750 5
228 875 5
228 877 5
228 879 5
228 886 5
228 896 5
228 908 5
228 988 5
229 1 3
229 2 5
229 3 5
229 4 5
229 7 5
229 8 5
229 12 3
229 15 5
229 21 3
229 22 4
229 23 5
229 24 3
229 26 1
229 28 1
229 31 1
229 32 3
229 45 5
229 47 5
229 48 2
229 50 5
229 52 5
229 53 1
229 55 3
229 56 3
229 58 1
229 62 5
229 63 2
229 64 5
229 66 4
229 68 5
229 69 5
229 70 5
229 72 5
229 73 4
229 77 2
229 79 3
229 81 5
229 82 5
229 83 4
229 85 5
229 86 5
229 87 5
229 88 5
229 89 3
229 90 5
229 91 5
229 92 3
229 93 5
229 95 4
229 96 5
229 97 2
229 101 5
229 109 5
229 114 1
229 117 4
229 118 5
229 123 5
229 124 5
229 127 5
229 128 5
229 132 3
229 133 5
229 134 5
229 137 5
229 140 4
229 141 3
229 143 1
229 144 5
229 150 5
229 151 5
229 153 4
229 154 1
229 157 4
229 159 5
229 161 5
229 162 5
229 163 2
229 164 5
229 165 3
229 166 4
229 168 4
229 170 2
229 172 4
229 174 3
229 178 1
229 179 3
229 181 5
229 183 4
229 184 5
229 185 4
229 186 5
229 188 5
229 190 5
229 191 4
229 193 5
229 195 5
229 197 4
229 201 5
229 202 5
229 203 4
229 207 4
229 208 3
229 209 5
229 210 5
229 211 1
229 214 4
229 216 4
229 218 5
229 219 5
229 223 4
229 225 5
229 229 4
229 232 4
229 233 5
229 237 5
229 238 3
229 248 2
229 249 4
229 250 5
229 258 5
229 264 3
229 265 5
229 273 2
229 274 5
229 275 5
229 276 5
229 277 5
229 280 1
229 281 5
229 282 3
229 283 5
229 288 1
229 290 5
229 291 5
229 298 1
229 301 4
229 318 5
229 319 3
229 321 5
229 340 1
229 356 3
229 365 5
229 366 5
229 367 3
229 371 3
229 378 5
229 385 5
229 387 5
229 392 3
229 393 3
229 403 1
229 404 1
229 405 4
229 410 3
229 411 5
229 415 5
229 418 4
229 419 1
229 423 4
229 427 2
229 428 5
229 431 5
229 432 5
229 433 3
229 435 4
229 436 5
229 441 5
229 448 5
229 455 5
229 457 5
229 464 5
229 466 1
229 467 5
229 468 2
229 470 2
229 473 1
229 475 1
229 480 5
229 481 4
229 482 5
229 483 5
229 484 3
229 485 5
229 491 5
229 493 4
229 495 1
229 496 4
229 499 4
229 500 5
229 502 5
229 504 5
229 505 5
229 508 5
229 511 1
229 514 5
229 520 4
229 527 3
229 531 5
229 535 4
229 537 2
229 546 5
229 549 3
229 550 3
229 566 5
229 568 4
229 569 5
229 570 5
229 578 5
229 581 4
229 584 5
229 591 5
229 602 3
229 603 2
229 611 2
229 625 2
229 627 5
229 628 5
229 629 5
229 631 1
229 633 5
229 635 5
229 636 2
229 640 5
229 642 4
229 652 4
229 654 4
229 655 5
229 658 5
229 662 1
229 665 5
229 671 3
229 672 5
229 673 1
229 679 5
229 684 3
229 692 2
229 693 1
229 700 5
229 702 5
229 705 5
229 708 1
229 709 4
229 710 4
229 726 4
229 729 1
229 732 5
229 735 2
229 742 2
229 744 1
229 747 3
229 755 1
229 756 3
229 761 1
229 762 3
229 763 4
229 768 4
229 780 3
229 794 5
229 804 5
229 805 3
229 806 5
229 820 5
229 826 5
229 833 5
229 845 5
229 847 5
229 921 5
229 928 2
229 941 5
229 944 5
229 961 5
229 967 1
229 972 5
230 9 5
230 10 5
230 12 5
230 19 5
230 42 5
230 50 5
230 56 2
230 98 3
230 100 5
230 101 5
230 117 5
230 129 1
230 137 5
230 152 5
230 164 5
230 165 5
230 181 5
230 221 3
230 222 5
230 234 5
230 237 5
230 248 1
230 253 2
230 258 5
230 264 4
230 273 4
230 276 5
230 286 5
230 288 1
230 293 5
230 294 5
230 300 5
230 302 5
230 318 5
230 328 1
230 436 5
230 514 5
230 515 5
230 527 4
230 528 5
230 547 5
230 628 5
230 674 5
231 286 5
231 307 5
231 322 5
231 323 5
231 327 3
231 358 3
231 538 5
231 690 3
231 748 5
231 879 5
231 988 5
232 1 4
232 7 5
232 24 3
232 50 5
232 93 5
232 100 5
232 108 5
232 109 5
232 111 3
232 117 4
232 118 4
232 121 4
232 123 5
232 151 5
232 181 5
232 222 5
232 246 2
232 248 2
232 249 4
232 250 5
232 257 5
232 258 5
232 274 5
232 276 5
232 284 5
232 294 5
232 295 5
232 300 5
232 315 2
232 322 5
232 405 4
232 410 3
232 411 5
232 471 2
232 508 5
232 546 5
232 620 5
232 628 5
232 678 5
232 742 2
232 763 4
232 815 5
232 844 5
232 845 5
233 59 5
233 60 5
233 95 3
233 173 5
233 174 5
233 194 5
233 246 5
233 268 1
233 269 5
233 273 3
233 276 5
233 293 5
233 302 5
233 303 5
233 322 5
233 323 5
233 326 5
233 333 5
233 340 1
233 435 5
233 474 1
233 507 2
233 657 4
233 682 5
233 690 2
233 748 5
233 754 5
233 919 5
234 9 5
234 111 5
234 121 5
234 125 3
234 147 1
234 148 5
234 151 5
234 225 5
234 274 5
234 275 5
234 283 4
234 287 5
234 288 2
234 347 2
234 369 1
234 406 5
234 471 3
234 476 1
234 546 5
234 628 5
234 756 3
234 763 2
234 815 5
234 819 5
234 833 5
234 844 5
234 928 2
234 975 5
235 1 2
235 3 5
235 4 5
235 5 5
235 7 5
235 9 5
235 11 5
235 12 4
235 15 5
235 21 3
235 22 5
235 23 5
235 24 3
235 25 1
235 27 1
235 28 2
235 31 2
235 38 5
235 40 5
235 42 5
235 45 5
235 49 5
235 50 5
235 52 5
235 54 5
235 62 5
235 63 2
235 64 5
235 67 2
235 68 5
235 69 5
235 71 5
235 72 5
235 73 4
235 80 5
235 82 5
235 83 3
235 85 5
235 86 5
235 89 5
235 95 3
235 96 5
235 100 5
235 105 5
235 108 5
235 109 5
235 111 4
235 115 2
235 117 5
235 118 4
235 121 5
235 122 5
235 123 5
235 125 3
235 128 5
235 132 5
235 135 5
235 136 5
235 141 5
235 148 5
235 151 5
235 152 5
235 153 3
235 154 1
235 156 3
235 157 3
235 159 5
235 160 1
235 161 5
235 162 5
235 163 1
235 164 5
235 167 3
235 168 5
235 171 5
235 172 5
235 173 5
235 174 4
235 175 2
235 176 5
235 182 5
235 183 5
235 184 5
235 185 3
235 186 4
235 187 3
235 188 5
235 190 5
235 191 5
235 195 5
235 196 2
235 199 5
235 200 5
235 204 5
235 206 3
235 211 4
235 214 2
235 215 1
235 216 4
235 217 3
235 218 5
235 219 5
235 222 5
235 225 5
235 226 1
235 227 5
235 228 4
235 229 4
235 230 5
235 234 5
235 239 4
235 240 1
235 245 5
235 246 4
235 250 5
235 252 5
235 254 4
235 255 4
235 257 5
235 258 5
235 260 5
235 264 5
235 273 1
235 284 5
235 290 5
235 291 5
235 294 5
235 299 4
235 300 5
235 307 5
235 313 5
235 317 3
235 318 5
235 321 5
235 327 4
235 331 4
235 338 2
235 343 3
235 351 5
235 354 3
235 357 1
235 358 2
235 367 4
235 369 1
235 376 5
235 380 5
235 381 5
235 382 4
235 384 4
235 385 5
235 386 4
235 392 3
235 393 1
235 394 5
235 399 2
235 402 5
235 403 1
235 404 4
235 410 2
235 411 5
235 413 5
235 423 4
235 424 5
235 431 5
235 433 3
235 434 5
235 435 5
235 436 5
235 443 2
235 447 5
235 448 5
235 451 3
235 455 5
235 462 5
235 465 5
235 470 2
235 473 2
235 474 2
235 476 2
235 520 5
235 541 1
235 542 5
235 546 5
235 550 3
235 554 5
235 561 5
235 566 4
235 567 3
235 568 2
235 569 5
235 571 5
235 572 4
235 573 5
235 576 5
235 577 1
235 578 5
235 584 5
235 587 5
235 588 1
235 597 5
235 616 4
235 625 2
235 628 5
235 631 3
235 637 5
235 640 5
235 649 5
235 652 3
235 655 5
235 659 4
235 665 5
235 672 5
235 673 2
235 675 5
235 679 5
235 684 2
235 693 2
235 696 5
235 697 5
235 710 5
235 713 5
235 715 4
235 717 5
235 720 1
235 729 1
235 732 5
235 743 5
235 746 5
235 748 5
235 751 5
235 752 5
235 756 2
235 760 5
235 762 2
235 780 3
235 781 5
235 786 3
235 790 5
235 792 3
235 797 4
235 800 5
235 820 5
235 821 5
235 825 3
235 826 5
235 831 5
235 834 5
235 841 5
235 845 5
235 862 5
235 885 5
235 890 5
235 895 5
235 924 5
235 926 5
235 928 1
235 929 5
235 943 5
235 944 5
235 961 5
235 977 4
235 983 3
236 21 4
236 23 5
236 26 2
236 38 5
236 39 2
236 43 1
236 47 5
236 65 1
236 66 5
236 72 5
236 73 4
236 83 5
236 90 5
236 92 2
236 95 3
236 96 5
236 98 3
236 102 5
236 111 4
236 125 3
236 132 5
236 133 5
236 157 3
236 159 5
236 161 5
236 168 5
236 172 5
236 174 5
236 179 4
236 186 5
236 200 5
236 204 5
236 215 1
236 216 5
236 217 5
236 218 5
236 219 5
236 226 1
236 238 5
236 265 5
236 276 5
236 287 5
236 288 1
236 313 5
236 325 5
236 327 4
236 340 1
236 347 2
236 367 5
236 381 5
236 392 3
236 400 5
236 411 5
236 433 4
236 447 5
236 454 5
236 503 3
236 504 5
236 506 5
236 537 2
236 546 5
236 553 5
236 559 1
236 568 3
236 581 5
236 585 5
236 595 5
236 628 5
236 642 5
236 649 5
236 655 5
236 658 5
236 660 4
236 708 3
236 710 4
236 715 3
236 721 5
236 723 5
236 739 5
236 742 1
236 746 5
236 748 5
236 761 2
236 762 3
236 785 5
236 787 5
236 790 5
236 794 5
236 821 5
236 845 5
236 895 5
236 974 4
237 5 5
237 11 5
237 12 5
237 14 1
237 28 1
237 30 2
237 42 5
237 47 5
237 50 5
237 56 2
237 58 1
237 65 4
237 69 5
237 70 5
237 77 2
237 79 2
237 82 5
237 83 5
237 86 5
237 87 5
237 88 5
237 89 5
237 90 4
237 91 5
237 95 3
237 97 2
237 98 4
237 99 5
237 111 5
237 116 5
237 118 5
237 124 4
237 131 5
237 132 5
237 133 5
237 134 5
237 137 5
237 143 1
237 144 5
237 145 5
237 151 5
237 154 2
237 155 5
237 161 5
237 162 5
237 166 4
237 168 5
237 170 5
237 173 5
237 174 5
237 176 5
237 179 4
237 180 4
237 181 5
237 183 5
237 185 3
237 186 5
237 190 5
237 191 5
237 195 5
237 197 4
237 204 5
237 207 5
237 208 5
237 211 3
237 212 5
237 213 5
237 214 4
237 216 3
237 217 3
237 218 5
237 219 5
237 229 5
237 234 5
237 237 5
237 238 4
237 239 5
237 244 2
237 253 2
237 254 4
237 265 5
237 275 5
237 276 5
237 281 4
237 283 5
237 286 4
237 287 5
237 288 1
237 292 5
237 301 3
237 318 5
237 378 5
237 381 5
237 393 1
237 402 5
237 404 4
237 412 5
237 415 5
237 418 4
237 419 3
237 421 5
237 423 4
237 428 5
237 432 5
237 433 4
237 435 5
237 436 5
237 447 5
237 450 5
237 451 2
237 463 5
237 466 1
237 473 1
237 478 5
237 480 5
237 482 5
237 483 5
237 484 4
237 485 5
237 496 5
237 497 3
237 499 4
237 501 3
237 507 1
237 512 5
237 514 5
237 517 2
237 518 3
237 521 4
237 523 5
237 559 2
237 566 4
237 581 4
237 582 5
237 583 5
237 584 5
237 588 1
237 603 2
237 607 5
237 614 5
237 629 5
237 640 5
237 642 5
237 651 5
237 652 2
237 654 5
237 655 4
237 657 1
237 660 4
237 663 2
237 665 5
237 672 5
237 674 5
237 683 5
237 684 3
237 692 3
237 696 5
237 697 5
237 698 5
237 699 5
237 702 5
237 705 5
237 707 5
237 708 3
237 709 5
237 710 5
237 727 5
237 730 5
237 732 5
237 736 5
237 737 5
237 739 5
237 746 5
237 747 5
237 748 5
237 753 5
237 755 1
237 770 5
237 778 5
237 781 5
237 794 5
237 812 5
237 842 5
237 843 5
237 946 5
237 955 3
237 969 2
238 15 5
238 21 4
238 100 5
238 118 5
238 121 5
238 181 5
238 220 2
238 237 5
238 245 5
238 255 5
238 269 5
238 280 1
238 286 5
238 321 5
238 471 3
238 476 1
238 815 5
238 866 2
239 7 5
239 13 5
239 14 1
239 100 5
239 121 5
239 147 1
239 237 5
239 240 3
239 242 5
239 246 5
239 257 5
239 273 3
239 276 5
239 282 4
239 285 5
239 288 1
239 301 4
239 405 2
239 475 3
239 591 5
239 895 5
240 70 5
240 171 5
240 198 5
240 242 4
240 243 1
240 271 3
240 272 4
240 283 4
240 300 5
240 310 5
240 312 1
240 313 5
240 328 1
240 329 5
240 340 2
240 350 2
240 512 5
240 515 5
240 582 5
240 690 2
240 736 5
240 749 5
240 750 5
240 751 5
240 886 5
240 904 5
240 921 5
240 937 5
241 1 4
241 7 5
241 9 5
241 15 5
241 25 1
241 121 5
241 259 5
241 288 1
241 294 5
241 683 5
242 7 5
242 11 5
242 12 5
242 14 1
242 17 5
242 22 5
242 26 2
242 27 1
242 29 5
242 31 3
242 33 5
242 38 5
242 39 5
242 41 2
242 42 5
242 44 5
242 53 2
242 54 5
242 55 4
242 56 1
242 62 5
242 64 5
242 67 5
242 68 5
242 79 1
242 82 5
242 98 4
242 100 5
242 117 5
242 129 1
242 144 5
242 150 5
242 154 4
242 156 2
242 159 5
242 161 5
242 168 5
242 174 5
242 176 5
242 177 5
242 182 5
242 184 5
242 186 5
242 195 5
242 203 5
242 204 5
242 209 5
242 210 5
242 219 5
242 226 1
242 228 4
242 229 5
242 230 5
242 231 5
242 234 5
242 240 3
242 273 2
242 276 5
242 281 4
242 286 4
242 288 1
242 294 5
242 318 5
242 342 5
242 350 5
242 367 5
242 385 5
242 401 5
242 403 2
242 410 4
242 436 5
242 449 5
242 452 5
242 482 5
242 508 5
242 546 5
242 554 5
242 559 1
242 569 5
242 572 4
242 576 4
242 578 5
242 591 5
242 628 5
242 635 5
242 636 2
242 672 5
242 684 1
242 685 1
242 695 5
242 710 4
242 746 5
242 769 4
242 780 3
242 800 5
242 810 5
242 834 5
242 873 5
242 943 5
242 975 5
243 12 5
243 271 5
243 309 5
243 313 5
243 340 1
243 343 5
243 358 3
243 644 5
243 678 5
243 687 5
244 9 5
244 50 5
244 100 5
244 245 5
244 251 1
244 258 5
244 275 5
244 748 5
244 751 5
244 906 4
244 912 5
244 916 5
245 7 5
245 9 5
245 23 5
245 28 3
245 50 5
245 55 4
245 64 5
245 79 1
245 87 5
245 100 5
245 117 4
245 118 3
245 121 5
245 123 5
245 127 5
245 144 5
245 147 1
245 150 5
245 174 5
245 181 5
245 195 5
245 203 5
245 204 5
245 208 5
245 209 5
245 221 1
245 235 5
245 237 4
245 245 5
245 246 1
245 248 3
245 273 2
245 276 5
245 291 5
245 293 5
245 295 5
245 310 5
245 313 5
245 324 1
245 325 5
245 330 5
245 333 5
245 340 1
245 346 5
245 405 4
245 408 3
245 410 3
245 460 5
245 475 1
245 479 5
245 480 5
245 504 5
245 544 5
245 591 5
245 595 5
245 597 5
245 603 1
245 628 5
245 644 5
245 689 4
245 742 2
245 744 1
245 748 5
245 762 3
245 763 4
245 818 5
245 823 4
245 829 5
245 831 5
245 840 3
245 844 5
245 845 5
245 881 5
245 886 5
245 895 5
245 908 5
245 919 5
245 959 5
245 979 4
246 268 1
246 269 5
246 270 5
246 288 1
246 292 5
246 294 5
246 301 4
246 302 5
246 303 5
246 326 5
246 327 5
246 328 1
246 332 5
246 334 5
246 359 5
246 688 5
246 690 2
246 754 5
246 883 5
246 887 5
246 888 3
247 1 1
247 5 5
247 7 5
247 9 5
247 11 5
247 17 5
247 27 3
247 28 4
247 31 3
247 55 3
247 56 2
247 65 1
247 68 5
247 69 4
247 70 5
247 89 5
247 91 5
247 96 5
247 98 2
247 100 5
247 111 2
247 117 4
247 123 5
247 135 5
247 144 5
247 147 1
247 148 5
247 150 5
247 151 5
247 153 1
247 156 3
247 157 2
247 158 3
247 174 4
247 176 5
247 180 5
247 183 5
247 204 5
247 206 5
247 209 5
247 218 5
247 222 5
247 227 5
247 231 5
247 233 5
247 234 5
247 248 2
247 252 5
247 260 5
247 281 5
247 284 5
247 286 4
247 288 1
247 290 5
247 293 5
247 298 2
247 300 5
247 367 5
247 405 4
247 410 3
247 435 5
247 447 5
247 469 5
247 470 3
247 483 5
247 484 2
247 498 5
247 544 5
247 546 5
247 559 1
247 582 5
247 591 5
247 597 5
247 629 5
247 642 5
247 678 5
247 742 2
247 748 5
247 760 5
247 815 5
247 823 3
247 845 5
247 866 2
247 926 5
247 963 5
247 981 5
248 262 5
248 268 2
248 269 5
248 271 5
248 286 5
248 292 5
248 301 1
248 303 5
248 305 5
248 307 5
248 319 3
248 321 5
248 327 4
248 333 5
248 338 5
248 340 1
248 344 5
248 750 5
248 884 4
248 896 5
248 900 5
248 902 3
249 9 5
249 15 5
249 59 5
249 60 5
249 61 5
249 100 5
249 117 5
249 118 5
249 122 5
249 127 5
249 137 5
249 170 5
249 171 5
249 179 5
249 212 5
249 224 5
249 248 3
249 251 2
249 269 5
249 273 2
249 276 5
249 285 5
249 286 4
249 288 1
249 291 5
249 293 5
249 310 5
249 337 3
249 381 5
249 410 4
249 459 5
249 473 1
249 546 5
249 558 5
249 742 1
249 748 5
249 753 5
249 763 3
249 936 5
249 983 3
250 1 2
250 2 5
250 3 5
250 4 5
250 7 5
250 10 5
250 12 3
250 13 5
250 15 5
250 26 1
250 28 1
250 29 5
250 35 5
250 38 5
250 39 4
250 49 5
250 51 2
250 54 5
250 56 3
250 58 1
250 60 5
250 64 5
250 65 2
250 66 4
250 67 1
250 70 5
250 71 5
250 73 3
250 77 2
250 79 3
250 80 4
250 81 4
250 82 5
250 83 3
250 86 5
250 87 5
250 88 5
250 89 5
250 90 5
250 92 5
250 94 4
250 95 3
250 97 3
250 98 4
250 99 5
250 100 5
250 101 5
250 110 5
250 112 5
250 114 1
250 117 5
250 121 5
250 123 5
250 125 3
250 126 3
250 127 5
250 131 5
250 132 4
250 133 5
250 134 4
250 135 4
250 136 5
250 139 5
250 141 5
250 142 4
250 143 1
250 144 5
250 145 5
250 152 5
250 153 3
250 154 1
250 155 5
250 157 3
250 158 1
250 161 5
250 162 5
250 163 2
250 164 5
250 166 5
250 167 5
250 168 5
250 169 4
250 173 5
250 174 5
250 176 5
250 177 4
250 179 4
250 180 1
250 182 5
250 183 5
250 185 3
250 187 4
250 191 5
250 192 2
250 193 5
250 194 5
250 195 5
250 196 2
250 197 5
250 199 5
250 200 5
250 202 5
250 203 4
250 204 5
250 205 3
250 207 5
250 208 5
250 210 5
250 211 4
250 215 3
250 216 5
250 218 5
250 222 5
250 223 5
250 225 5
250 226 1
250 227 5
250 229 5
250 231 5
250 233 5
250 237 4
250 238 3
250 239 3
250 241 5
250 245 5
250 252 5
250 254 2
250 258 5
250 264 5
250 265 5
250 269 5
250 270 5
250 272 4
250 274 5
250 275 5
250 277 5
250 278 1
250 280 1
250 281 5
250 282 4
250 283 4
250 288 1
250 290 5
250 292 5
250 294 5
250 299 4
250 300 4
250 301 4
250 302 5
250 304 3
250 305 5
250 310 5
250 311 1
250 312 1
250 313 5
250 315 1
250 316 3
250 328 1
250 332 5
250 340 2
250 354 3
250 357 3
250 367 3
250 371 2
250 373 5
250 378 5
250 380 5
250 381 5
250 382 5
250 383 4
250 384 5
250 385 5
250 387 5
250 393 1
250 395 1
250 396 1
250 400 5
250 401 5
250 402 5
250 414 5
250 416 4
250 417 2
250 418 5
250 419 3
250 421 5
250 422 3
250 428 5
250 431 5
250 432 5
250 433 3
250 434 4
250 435 5
250 443 2
250 448 5
250 451 3
250 455 5
250 462 4
250 465 5
250 467 4
250 469 5
250 470 2
250 471 3
250 472 4
250 474 3
250 476 1
250 477 5
250 478 5
250 479 2
250 480 3
250 481 1
250 482 5
250 483 5
250 484 3
250 487 5
250 488 3
250 490 5
250 491 5
250 493 5
250 494 5
250 495 1
250 496 5
250 497 5
250 499 3
250 500 4
250 502 5
250 503 1
250 505 4
250 506 5
250 507 1
250 509 1
250 510 5
250 511 2
250 514 5
250 518 3
250 520 5
250 523 5
250 525 5
250 526 5
250 527 3
250 528 4
250 530 1
250 535 5
250 549 1
250 550 3
250 553 5
250 557 5
250 558 5
250 559 2
250 561 3
250 566 3
250 568 4
250 570 5
250 582 4
250 583 5
250 589 5
250 591 5
250 602 3
250 604 5
250 606 5
250 607 5
250 608 5
250 609 5
250 610 4
250 611 5
250 612 5
250 613 5
250 614 5
250 618 2
250 620 5
250 622 5
250 629 5
250 630 2
250 631 3
250 632 5
250 633 1
250 637 5
250 642 5
250 647 5
250 648 5
250 650 5
250 651 4
250 655 5
250 657 1
250 659 5
250 660 2
250 661 5
250 663 2
250 673 2
250 679 5
250 685 1
250 686 3
250 689 2
250 692 3
250 693 1
250 700 5
250 704 5
250 705 5
250 707 5
250 708 2
250 709 5
250 710 4
250 712 4
250 714 5
250 715 3
250 716 5
250 717 5
250 723 5
250 727 5
250 728 5
250 729 1
250 731 4
250 735 1
250 736 4
250 742 1
250 747 5
250 748 5
250 751 5
250 761 2
250 762 2
250 765 5
250 771 1
250 774 5
250 775 5
250 778 3
250 783 4
250 785 5
250 790 5
250 792 3
250 794 5
250 801 5
250 807 5
250 815 5
250 821 5
250 823 4
250 832 5
250 837 5
250 842 5
250 845 5
250 846 5
250 847 5
250 865 5
250 869 5
250 873 5
250 878 5
250 900 5
250 902 3
250 904 5
250 905 5
250 908 5
250 921 4
250 923 5
250 926 5
250 928 2
250 934 5
250 936 5
250 939 2
250 940 5
250 942 5
250 951 1
250 956 5
250 965 5
250 966 5
250 967 1
250 969 2
251 242 5
251 243 2
251 259 5
251 260 5
251 262 5
251 268 3
251 269 4
251 270 5
251 286 5
251 288 1
251 289 2
251 292 2
251 294 5
251 299 3
251 300 5
251 301 1
251 303 3
251 305 3
251 307 3
251 308 2
251 319 1
251 322 5
251 323 5
251 325 3
251 327 1
251 328 1
251 329 5
251 330 4
251 331 1
251 332 3
251 333 5
251 336 4
251 337 1
251 359 1
251 360 5
251 457 2
251 680 4
251 681 1
251 682 4
251 687 5
251 749 1
251 872 4
251 874 1
251 875 3
251 877 1
251 879 1
251 880 2
251 881 5
251 882 1
251 883 5
251 884 3
251 937 1
251 938 1
251 984 1
251 989 1
251 991 5
251 995 5
252 7 5
252 8 5
252 14 1
252 22 5
252 25 1
252 27 2
252 45 5
252 48 5
252 52 5
252 58 1
252 60 5
252 61 5
252 62 5
252 64 5
252 66 5
252 69 4
252 70 5
252 73 5
252 86 5
252 88 5
252 89 5
252 96 5
252 97 2
252 99 5
252 111 5
252 121 5
252 124 4
252 127 5
252 132 5
252 134 5
252 135 5
252 136 5
252 143 2
252 152 5
252 154 4
252 156 2
252 161 5
252 162 5
252 163 5
252 168 5
252 170 5
252 171 5
252 173 5
252 174 5
252 180 4
252 181 5
252 183 5
252 185 4
252 186 5
252 187 4
252 188 5
252 191 5
252 194 5
252 195 5
252 197 4
252 201 5
252 202 5
252 203 5
252 204 5
252 207 5
252 212 5
252 216 4
252 234 5
252 237 5
252 243 1
252 245 5
252 259 5
252 269 5
252 276 5
252 286 5
252 294 5
252 318 5
252 371 2
252 384 5
252 404 5
252 418 5
252 419 3
252 420 2
252 423 3
252 427 2
252 430 2
252 432 5
252 435 5
252 443 5
252 455 5
252 458 3
252 461 5
252 462 5
252 465 5
252 467 5
252 472 4
252 479 5
252 482 5
252 483 5
252 485 5
252 488 5
252 491 5
252 492 2
252 494 5
252 495 1
252 496 5
252 498 5
252 502 5
252 506 5
252 510 5
252 513 2
252 517 1
252 518 3
252 521 3
252 523 5
252 526 5
252 530 1
252 531 5
252 554 5
252 576 4
252 588 1
252 597 5
252 603 1
252 609 5
252 614 5
252 615 3
252 624 5
252 631 3
252 636 2
252 641 5
252 648 5
252 654 5
252 659 4
252 660 5
252 684 1
252 729 2
252 736 5
252 780 3
252 781 5
252 792 2
252 805 5
252 815 5
252 863 5
252 874 5
252 924 5
252 947 5
252 969 2
252 971 5
253 3 5
253 4 5
253 7 5
253 9 5
253 11 5
253 12 5
253 17 4
253 22 5
253 24 4
253 33 5
253 42 5
253 48 2
253 49 5
253 50 5
253 53 1
253 59 5
253 68 5
253 69 4
253 73 5
253 79 2
253 80 4
253 93 5
253 94 5
253 97 2
253 98 4
253 100 5
253 117 5
253 122 5
253 125 3
253 132 5
253 143 1
253 154 4
253 156 2
253 157 2
253 158 4
253 164 5
253 168 5
253 172 5
253 174 5
253 181 5
253 186 5
253 188 5
253 196 1
253 204 5
253 210 5
253 231 5
253 233 5
253 238 4
253 239 5
253 246 3
253 248 1
253 254 3
253 258 5
253 268 1
253 276 5
253 288 2
253 298 1
253 318 5
253 354 3
253 356 4
253 357 1
253 364 1
253 367 5
253 369 1
253 384 5
253 385 5
253 393 1
253 401 4
253 402 5
253 410 4
253 412 5
253 416 5
253 421 5
253 423 4
253 424 5
253 427 2
253 456 5
253 471 3
253 475 2
253 476 1
253 496 5
253 508 5
253 509 2
253 515 5
253 550 4
253 552 5
253 566 4
253 568 3
253 578 5
253 586 5
253 591 5
253 628 5
253 651 3
253 655 4
253 684 2
253 693 2
253 697 5
253 717 5
253 721 5
253 742 1
253 871 5
253 959 5
253 963 3
253 975 5
254 1 4
254 11 5
254 12 4
254 15 5
254 22 5
254 28 1
254 50 5
254 51 2
254 55 4
254 56 3
254 58 1
254 66 5
254 69 4
254 70 5
254 73 5
254 76 5
254 77 1
254 79 3
254 82 5
254 87 5
254 88 5
254 89 5
254 96 5
254 97 3
254 98 4
254 99 5
254 100 5
254 107 2
254 114 4
254 117 5
254 118 5
254 121 5
254 124 5
254 131 5
254 133 5
254 134 5
254 136 5
254 143 1
254 144 5
254 153 3
254 161 5
254 162 5
254 164 5
254 169 4
254 172 5
254 173 5
254 174 5
254 181 5
254 182 5
254 185 4
254 191 5
254 195 5
254 196 1
254 197 5
254 199 5
254 202 5
254 203 5
254 204 5
254 210 5
254 211 4
254 215 2
254 222 5
254 228 3
254 234 5
254 237 5
254 245 5
254 248 1
254 250 5
254 255 5
254 257 5
254 258 5
254 259 5
254 260 5
254 270 5
254 272 5
254 277 5
254 279 5
254 286 5
254 289 1
254 293 5
254 300 5
254 310 5
254 315 2
254 316 5
254 317 3
254 318 5
254 322 5
254 323 5
254 326 5
254 356 4
254 357 2
254 378 4
254 385 5
254 392 3
254 414 5
254 418 5
254 419 1
254 423 3
254 427 4
254 431 5
254 434 5
254 435 5
254 451 2
254 465 5
254 468 3
254 474 2
254 478 5
254 479 5
254 482 5
254 483 5
254 484 4
254 485 5
254 487 5
254 490 5
254 492 1
254 493 5
254 496 5
254 497 5
254 507 1
254 509 1
254 519 3
254 520 4
254 526 5
254 528 5
254 531 5
254 566 3
254 568 4
254 603 1
254 605 1
254 607 5
254 610 4
254 612 5
254 614 5
254 627 5
254 631 4
254 633 2
254 642 4
254 649 5
254 651 5
254 654 5
254 655 4
254 657 2
254 659 4
254 660 4
254 661 5
254 678 5
254 685 1
254 686 3
254 692 3
254 693 2
254 694 5
254 705 5
254 707 5
254 724 4
254 735 3
254 736 5
254 740 2
254 742 1
254 746 5
254 836 5
254 837 5
254 842 5
254 873 5
254 875 5
254 879 5
254 939 2
254 945 5
254 956 5
254 968 5
255 1 4
255 2 5
255 4 5
255 7 5
255 8 5
255 9 5
255 12 5
255 14 1
255 17 5
255 20 5
255 24 4
255 25 2
255 31 2
255 39 4
255 40 5
255 42 5
255 44 5
255 47 5
255 53 1
255 56 2
255 57 5
255 58 1
255 64 5
255 69 4
255 70 5
255 71 5
255 87 5
255 95 3
255 96 5
255 97 1
255 98 4
255 100 5
255 118 4
255 123 5
255 125 4
255 126 1
255 127 5
255 135 5
255 148 5
255 161 5
255 170 5
255 174 5
255 176 5
255 191 5
255 196 1
255 197 4
255 204 5
255 214 5
255 217 5
255 222 5
255 223 5
255 228 3
255 234 5
255 237 5
255 241 5
255 245 5
255 252 5
255 255 5
255 257 5
255 265 5
255 270 5
255 275 5
255 276 5
255 277 5
255 279 5
255 281 5
255 282 4
255 288 1
255 289 2
255 291 4
255 292 5
255 293 5
255 300 5
255 301 4
255 304 5
255 307 5
255 313 5
255 317 3
255 318 5
255 321 5
255 323 5
255 334 5
255 343 5
255 380 5
255 382 4
255 393 1
255 402 5
255 405 3
255 423 3
255 428 5
255 447 5
255 455 5
255 462 5
255 465 5
255 471 4
255 475 3
255 504 5
255 508 5
255 511 3
255 515 5
255 518 4
255 529 5
255 531 5
255 582 5
255 584 5
255 591 5
255 597 5
255 627 5
255 628 5
255 629 5
255 647 5
255 660 4
255 678 5
255 692 3
255 694 5
255 709 5
255 724 5
255 727 5
255 738 1
255 747 5
255 755 1
255 778 5
255 898 5
255 934 5
255 939 2
256 1 3
256 3 5
256 4 5
256 9 5
256 12 5
256 13 5
256 22 5
256 23 5
256 32 5
256 42 5
256 46 5
256 50 5
256 53 1
256 54 5
256 57 5
256 60 5
256 61 5
256 68 5
256 69 4
256 71 5
256 79 1
256 80 4
256 86 5
256 91 5
256 92 1
256 95 2
256 97 1
256 100 5
256 101 5
256 111 5
256 121 5
256 125 3
256 127 5
256 133 5
256 135 5
256 143 1
256 161 5
256 168 5
256 170 5
256 172 5
256 174 5
256 175 3
256 177 5
256 179 3
256 181 5
256 182 5
256 185 4
256 186 5
256 187 3
256 188 5
256 194 5
256 196 2
256 197 5
256 200 5
256 202 5
256 210 5
256 211 3
256 218 5
256 222 5
256 226 1
256 228 3
256 231 5
256 232 5
256 234 5
256 238 4
256 268 2
256 273 2
256 274 5
256 282 3
256 286 4
256 294 5
256 325 5
256 346 5
256 357 1
256 366 5
256 369 1
256 380 5
256 403 2
256 410 3
256 414 5
256 419 1
256 421 4
256 423 3
256 427 3
256 431 5
256 432 4
256 433 2
256 443 3
256 448 5
256 449 5
256 452 5
256 460 5
256 461 5
256 462 5
256 474 2
256 475 1
256 479 5
256 484 2
256 490 5
256 498 5
256 505 5
256 506 5
256 508 5
256 523 5
256 546 5
256 559 1
256 568 2
256 578 5
256 581 5
256 582 5
256 603 1
256 608 5
256 616 4
256 640 5
256 655 5
256 658 5
256 660 5
256 662 1
256 672 5
256 673 5
256 693 1
256 696 5
256 708 3
256 710 5
256 715 4
256 720 1
256 721 5
256 737 5
256 743 4
256 763 4
256 789 5
256 806 5
256 818 5
256 845 5
256 864 4
256 919 5
256 922 5
256 933 5
256 943 5
256 955 3
256 959 5
256 963 5
256 979 4
256 985 5
257 4 5
257 7 5
257 8 5
257 9 5
257 11 4
257 12 3
257 14 1
257 15 5
257 20 5
257 27 2
257 31 1
257 38 5
257 44 4
257 45 5
257 48 2
257 50 5
257 51 2
257 52 5
257 53 1
257 54 4
257 56 3
257 57 4
257 58 1
257 59 4
257 62 5
257 64 5
257 65 1
257 66 3
257 70 5
257 77 1
257 79 3
257 82 5
257 83 3
257 86 5
257 89 3
257 91 5
257 94 2
257 96 5
257 97 2
257 100 5
257 105 5
257 114 2
257 117 4
257 118 4
257 122 5
257 127 5
257 132 4
257 134 5
257 137 5
257 143 1
257 144 5
257 148 5
257 151 5
257 155 4
257 156 2
257 157 4
257 161 5
257 162 5
257 164 5
257 168 5
257 172 5
257 173 4
257 174 5
257 176 5
257 180 2
257 181 5
257 182 5
257 183 4
257 185 4
257 186 5
257 190 5
257 191 5
257 192 5
257 193 5
257 194 5
257 195 5
257 196 3
257 197 5
257 200 5
257 203 4
257 204 5
257 209 5
257 214 5
257 215 2
257 216 5
257 218 5
257 219 5
257 226 1
257 229 3
257 230 5
257 231 5
257 232 5
257 234 5
257 235 5
257 237 5
257 239 5
257 240 2
257 241 5
257 243 1
257 248 1
257 257 5
257 258 5
257 265 5
257 282 3
257 285 4
257 288 2
257 304 4
257 318 5
257 357 3
257 366 5
257 370 3
257 372 5
257 373 5
257 378 5
257 380 5
257 385 5
257 393 2
257 395 1
257 401 4
257 402 5
257 403 1
257 405 5
257 410 3
257 411 5
257 412 4
257 417 1
257 425 5
257 428 5
257 436 5
257 443 1
257 448 4
257 450 3
257 452 5
257 453 1
257 455 5
257 456 5
257 458 4
257 462 5
257 469 5
257 470 2
257 471 3
257 472 4
257 473 1
257 474 3
257 476 1
257 483 5
257 500 4
257 507 1
257 509 1
257 527 2
257 529 5
257 531 4
257 540 5
257 546 5
257 549 1
257 553 4
257 559 3
257 566 5
257 568 4
257 582 5
257 584 5
257 588 1
257 597 5
257 623 4
257 628 5
257 629 5
257 631 2
257 632 5
257 636 2
257 640 5
257 651 2
257 655 5
257 658 5
257 664 4
257 673 3
257 679 5
257 692 3
257 699 5
257 704 5
257 708 3
257 709 4
257 717 5
257 720 1
257 722 1
257 727 5
257 729 1
257 732 5
257 739 5
257 742 1
257 744 1
257 747 5
257 755 3
257 756 3
257 758 5
257 769 4
257 770 5
257 775 5
257 783 4
257 792 3
257 819 5
257 825 3
257 841 5
257 845 5
257 871 5
257 931 3
257 934 5
257 948 5
257 949 3
257 959 5
257 980 5
258 8 5
258 9 5
258 12 5
258 13 5
258 14 2
258 20 2
258 23 5
258 25 3
258 28 3
258 32 5
258 48 4
258 50 5
258 57 5
258 58 1
258 86 5
258 96 5
258 98 4
258 117 4
258 121 4
258 124 5
258 126 1
258 127 5
258 129 2
258 134 5
258 143 1
258 144 5
258 147 1
258 152 5
258 169 5
258 174 4
258 178 4
258 179 5
258 180 4
258 181 5
258 182 5
258 183 5
258 189 5
258 190 5
258 191 5
258 192 5
258 193 5
258 195 5
258 203 5
258 208 5
258 209 5
258 234 5
258 237 5
258 238 5
258 245 5
258 250 5
258 255 5
258 273 2
258 278 1
258 282 4
258 283 4
258 284 5
258 285 3
258 286 4
258 287 5
258 288 1
258 293 5
258 298 1
258 301 1
258 304 4
258 307 5
258 317 3
258 318 5
258 319 3
258 321 5
258 330 5
258 333 5
258 346 5
258 357 1
258 387 5
258 405 4
258 408 4
258 410 4
258 423 3
258 425 5
258 427 2
258 430 1
258 467 5
258 469 5
258 473 1
258 474 2
258 496 5
258 509 2
258 514 5
258 517 3
258 521 3
258 526 5
258 529 5
258 530 2
258 546 5
258 582 5
258 588 1
258 589 5
258 591 5
258 597 5
258 603 1
258 632 5
258 644 5
258 648 5
258 651 5
258 654 5
258 663 1
258 685 1
258 694 5
258 696 5
258 704 5
258 709 5
258 717 5
258 736 5
258 742 1
258 750 5
258 753 5
258 792 2
258 844 5
258 847 5
258 896 5
258 925 4
258 939 2
258 952 3
258 956 5
258 980 5
259 1 3
259 3 5
259 7 5
259 8 5
259 15 4
259 16 5
259 19 5
259 22 5
259 25 1
259 100 5
259 108 5
259 111 4
259 117 4
259 120 5
259 121 5
259 123 5
259 134 5
259 147 1
259 148 5
259 164 5
259 172 5
259 174 5
259 181 5
259 194 5
259 216 3
259 220 3
259 222 5
259 225 5
259 230 5
259 245 5
259 249 5
259 250 5
259 255 4
259 258 5
259 264 5
259 278 1
259 282 3
259 286 5
259 289 1
259 291 5
259 295 5
259 300 5
259 301 3
259 322 5
259 323 5
259 328 1
259 332 5
259 333 5
259 336 5
259 357 1
259 358 2
259 411 5
259 472 2
259 473 1
259 523 5
259 546 5
259 568 3
259 596 4
259 597 5
259 651 5
259 676 5
259 678 5
259 685 3
259 687 5
259 742 1
259 748 5
259 815 4
259 825 3
259 827 5
259 832 5
259 846 5
259 864 5
259 866 2
259 873 5
259 879 5
259 934 5
259 969 1
259 978 5
259 989 2
260 1 4
260 7 5
260 10 5
260 14 1
260 20 5
260 117 5
260 127 5
260 129 1
260 146 3
260 221 3
260 224 5
260 242 4
260 248 1
260 250 5
260 253 2
260 257 5
260 258 5
260 273 4
260 275 5
260 276 5
260 279 5
260 286 4
260 289 2
260 294 5
260 297 5
260 301 4
260 302 5
260 303 5
260 307 5
260 311 1
260 322 5
260 327 4
260 458 3
260 515 5
260 532 5
260 591 5
260 676 5
260 713 5
260 744 1
261 121 5
261 158 4
261 242 4
261 255 5
261 269 5
261 285 5
261 302 5
261 304 3
261 319 3
261 347 2
261 682 5
262 11 5
262 22 5
262 100 5
262 136 5
262 237 5
262 259 5
262 271 4
262 288 2
262 289 2
262 292 5
262 300 5
262 313 5
262 321 5
262 332 5
262 358 2
262 678 5
262 682 5
262 866 2
262 895 5
263 3 5
263 7 5
263 10 5
263 14 1
263 15 5
263 20 4
263 24 3
263 50 5
263 93 5
263 100 5
263 103 5
263 107 2
263 112 5
263 116 5
263 117 5
263 121 5
263 124 5
263 126 1
263 127 5
263 137 5
263 147 1
263 149 5
263 150 5
263 151 5
263 221 1
263 224 5
263 225 4
263 235 5
263 242 5
263 243 3
263 244 1
263 248 3
263 249 5
263 250 5
263 253 1
263 257 2
263 258 5
263 268 1
263 270 5
263 274 5
263 282 2
263 283 5
263 284 5
263 285 4
263 288 2
263 301 3
263 304 1
263 306 2
263 311 2
263 319 2
263 347 4
263 362 5
263 455 5
263 472 1
263 473 1
263 475 1
263 477 5
263 508 5
263 544 5
263 593 5
263 596 3
263 597 5
263 689 1
263 741 1
263 744 1
263 751 5
263 819 5
263 845 5
263 864 5
263 870 5
263 880 2
263 887 5
263 926 5
263 930 5
263 950 4
263 952 3
263 988 3
263 993 5
264 16 5
264 116 5
264 176 5
264 181 5
264 194 5
264 248 1
264 258 5
264 260 5
264 269 5
264 286 5
264 289 1
264 293 5
264 298 1
264 300 5
264 301 3
264 321 5
264 322 5
264 328 1
264 333 5
264 358 3
264 482 5
264 603 1
264 678 5
264 705 5
264 709 5
264 748 5
264 879 5
265 1 4
265 7 5
265 8 5
265 12 5
265 22 5
265 28 3
265 32 5
265 56 2
265 64 5
265 87 5
265 97 1
265 100 5
265 109 5
265 114 2
265 132 5
265 134 5
265 136 5
265 143 1
265 154 4
265 169 5
265 172 5
265 174 5
265 175 3
265 179 5
265 180 5
265 181 5
265 190 5
265 191 5
265 194 5
265 198 5
265 199 5
265 202 5
265 257 5
265 258 5
265 283 5
265 286 5
265 300 5
265 318 5
265 319 3
265 395 3
265 404 3
265 423 3
265 428 5
265 474 1
265 475 3
265 478 5
265 481 4
265 496 5
265 529 5
265 584 5
265 588 1
265 603 1
265 615 1
265 638 5
265 651 5
265 656 5
265 705 5
265 855 5
266 2 5
266 11 5
266 22 5
266 24 4
266 27 2
266 50 5
266 55 3
266 56 2
266 62 5
266 79 2
266 87 5
266 89 5
266 95 2
266 96 5
266 98 3
266 117 3
266 127 5
266 128 2
266 144 5
266 174 4
266 181 5
266 182 5
266 183 5
266 184 5
266 187 4
266 188 5
266 210 5
266 231 5
266 232 5
266 258 5
266 265 5
266 268 1
266 269 5
266 273 2
266 288 1
266 292 5
266 294 5
266 302 5
266 306 3
266 308 3
266 313 5
266 315 1
266 321 5
266 324 2
266 326 5
266 327 3
266 328 1
266 331 1
266 333 5
266 334 5
266 346 5
266 349 5
266 350 5
266 354 1
266 357 1
266 385 5
266 405 2
266 455 5
266 518 2
266 546 5
266 550 3
266 566 3
266 568 2
266 651 5
266 682 4
266 748 5
266 873 3
266 882 1
266 885 3
266 898 5
266 902 3
266 908 5
266 995 5
267 7 5
267 10 5
267 24 4
267 50 5
267 93 5
267 100 5
267 108 5
267 109 5
267 150 5
267 240 3
267 246 4
267 248 1
267 249 5
267 264 3
267 268 2
267 269 5
267 273 4
267 276 5
267 298 1
267 327 4
267 340 1
267 455 5
267 475 2
267 742 1
267 762 3
267 919 5
268 1 3
268 4 5
268 7 5
268 8 5
268 13 5
268 15 5
268 19 5
268 22 5
268 23 5
268 25 1
268 31 2
268 39 4
268 42 5
268 47 4
268 51 4
268 56 3
268 58 1
268 69 5
268 70 5
268 71 5
268 95 3
268 96 5
268 97 2
268 98 4
268 100 5
268 111 4
268 116 5
268 118 3
268 121 4
268 126 1
268 132 5
268 137 5
268 144 5
268 150 5
268 153 3
268 157 3
268 159 5
268 160 1
268 170 5
268 172 5
268 173 5
268 178 4
268 180 4
268 181 5
268 182 5
268 191 5
268 192 5
268 195 5
268 200 5
268 209 5
268 214 5
268 216 4
268 222 5
268 238 4
268 246 5
268 251 1
268 257 5
268 258 5
268 273 3
268 283 4
268 285 5
268 293 5
268 294 5
268 297 5
268 318 5
268 321 5
268 357 2
268 367 5
268 377 5
268 405 3
268 411 5
268 423 4
268 427 2
268 428 5
268 435 5
268 462 5
268 469 5
268 471 3
268 475 1
268 498 5
268 507 1
268 529 5
268 544 5
268 582 5
268 603 1
268 612 5
268 642 4
268 655 4
268 662 1
268 692 3
268 699 5
268 724 5
268 742 1
268 826 5
268 856 5
268 926 5
268 952 3
269 64 5
269 65 2
269 127 5
269 134 5
269 136 5
269 153 1
269 194 5
269 199 5
269 215 1
269 286 5
269 306 2
269 483 5
269 484 2
269 490 5
269 495 1
269 507 2
269 511 2
269 520 3
269 530 3
269 582 5
269 605 3
269 610 4
269 611 5
269 641 5
269 654 5
269 656 5
269 705 5
269 855 5
269 923 5
270 1 4
270 7 5
270 9 5
270 13 5
270 19 5
270 50 5
270 93 5
270 100 5
270 118 5
270 125 3
270 150 5
270 181 5
270 221 4
270 235 5
270 248 1
270 257 5
270 258 5
270 276 5
270 283 5
270 284 5
270 285 5
270 286 4
270 293 5
270 294 5
270 295 5
270 360 5
270 458 3
270 471 4
270 475 2
270 508 5
270 544 5
270 546 5
270 813 5
270 824 1
270 919 5
270 950 4
270 952 3
271 1 4
271 8 5
271 50 5
271 94 5
271 95 3
271 99 5
271 140 2
271 225 5
271 404 3
271 418 5
271 477 5
271 501 2
271 596 5
271 768 4
271 878 5
271 932 5
271 969 2
272 1 3
272 2 5
272 3 5
272 4 5
272 7 5
272 11 3
272 12 5
272 21 3
272 24 2
272 27 2
272 28 3
272 29 5
272 33 5
272 38 5
272 41 1
272 43 2
272 49 5
272 51 4
272 56 2
272 63 4
272 64 5
272 66 5
272 68 5
272 69 4
272 71 5
272 72 5
272 73 5
272 78 4
272 79 2
272 80 5
272 82 5
272 88 5
272 90 5
272 94 5
272 97 1
272 99 5
272 101 5
272 109 5
272 117 5
272 118 3
272 120 5
272 121 5
272 122 5
272 123 5
272 132 5
272 135 5
272 141 5
272 151 5
272 161 5
272 168 5
272 172 5
272 173 5
272 174 5
272 175 3
272 177 4
272 181 5
272 183 5
272 185 3
272 186 5
272 193 5
272 195 5
272 196 1
272 204 5
272 210 5
272 215 1
272 217 4
272 218 4
272 226 1
272 228 3
272 229 5
272 232 5
272 233 5
272 234 5
272 239 5
272 240 1
272 250 4
272 254 2
272 255 4
272 258 5
272 260 5
272 271 1
272 288 3
272 313 5
272 318 5
272 323 5
272 343 3
272 355 5
272 358 1
272 362 5
272 365 5
272 368 5
272 370 3
272 373 5
272 374 5
272 375 1
272 378 5
272 380 5
272 384 4
272 386 5
272 391 5
272 392 2
272 393 1
272 395 2
272 400 5
272 401 5
272 404 3
272 411 5
272 416 5
272 417 1
272 418 5
272 431 5
272 443 3
272 449 5
272 465 5
272 473 1
272 475 1
272 477 5
272 485 5
272 496 5
272 501 3
272 541 1
272 546 5
272 548 5
272 550 3
272 552 5
272 559 2
272 561 5
272 562 3
272 567 3
272 568 3
272 569 5
272 576 4
272 577 1
272 578 5
272 584 5
272 588 1
272 597 5
272 609 4
272 625 2
272 633 3
272 655 4
272 665 5
272 672 4
272 685 1
272 689 2
272 715 3
272 720 1
272 739 5
272 742 1
272 743 3
272 746 5
272 747 5
272 751 5
272 755 1
272 756 2
272 758 5
272 760 5
272 763 3
272 768 4
272 771 1
272 780 3
272 790 5
272 796 2
272 810 5
272 826 5
272 834 5
272 877 4
272 890 5
272 895 5
272 924 5
272 928 1
272 930 4
272 931 3
272 940 5
272 946 5
272 951 3
272 977 4
273 7 5
273 9 5
273 10 5
273 14 2
273 25 1
273 116 5
273 124 5
273 129 1
273 137 5
273 242 4
273 257 5
273 275 5
273 276 5
273 293 5
273 302 5
273 303 5
273 319 3
273 327 4
273 547 5
273 813 5
274 7 5
274 8 5
274 11 5
274 12 5
274 13 5
274 14 1
274 15 5
274 22 5
274 23 5
274 26 1
274 42 5
274 44 5
274 45 5
274 48 3
274 50 5
274 52 5
274 58 1
274 60 4
274 61 5
274 64 5
274 66 5
274 68 5
274 69 4
274 70 5
274 71 5
274 72 5
274 73 5
274 76 5
274 77 1
274 79 2
274 83 5
274 86 5
274 87 4
274 88 5
274 89 5
274 92 5
274 97 2
274 98 4
274 99 5
274 100 5
274 107 2
274 116 5
274 117 5
274 121 5
274 131 5
274 132 5
274 134 5
274 135 5
274 136 5
274 141 5
274 150 5
274 161 5
274 168 5
274 170 5
274 171 5
274 172 5
274 173 5
274 175 2
274 176 5
274 178 3
274 179 5
274 180 2
274 181 5
274 182 5
274 183 5
274 191 5
274 192 2
274 193 5
274 194 5
274 195 5
274 196 1
274 198 5
274 203 5
274 205 3
274 207 5
274 208 5
274 210 5
274 211 5
274 212 5
274 215 1
274 216 4
274 218 5
274 221 3
274 227 5
274 230 5
274 234 5
274 237 5
274 238 5
274 244 1
274 248 1
274 252 5
274 257 5
274 258 5
274 265 5
274 274 5
274 275 5
274 276 5
274 282 4
274 283 5
274 285 5
274 288 2
274 289 2
274 291 4
274 293 5
274 298 1
274 302 5
274 313 5
274 315 2
274 316 5
274 317 1
274 322 5
274 326 5
274 346 5
274 356 5
274 380 5
274 382 4
274 385 5
274 410 4
274 414 5
274 416 5
274 418 5
274 419 3
274 430 3
274 434 5
274 435 5
274 436 5
274 461 5
274 462 5
274 463 5
274 470 2
274 474 2
274 475 3
274 478 5
274 480 5
274 481 2
274 483 5
274 484 3
274 486 5
274 488 4
274 489 5
274 490 5
274 491 5
274 493 5
274 495 1
274 496 5
274 497 5
274 498 5
274 499 5
274 503 1
274 506 5
274 507 3
274 508 5
274 511 1
274 513 5
274 514 5
274 517 2
274 518 3
274 519 3
274 520 2
274 521 4
274 525 5
274 526 5
274 527 4
274 528 5
274 529 5
274 530 1
274 553 5
274 566 2
274 584 5
274 591 5
274 601 5
274 602 4
274 603 1
274 604 5
274 605 1
274 607 5
274 610 4
274 614 5
274 615 1
274 618 2
274 628 5
274 633 2
274 641 5
274 642 4
274 646 3
274 648 5
274 649 5
274 651 5
274 653 1
274 657 2
274 659 5
274 660 4
274 661 5
274 664 5
274 676 5
274 684 2
274 685 1
274 692 3
274 696 5
274 697 5
274 699 5
274 705 5
274 707 5
274 708 2
274 709 5
274 735 2
274 736 5
274 744 1
274 756 3
274 789 5
274 792 2
274 836 5
274 848 5
274 921 5
274 923 5
274 939 2
274 943 5
274 945 5
274 963 5
274 966 5
274 971 5
274 996 5
275 70 5
275 100 5
275 127 5
275 259 5
275 286 4
275 313 5
275 381 5
276 4 5
276 26 2
276 33 5
276 56 1
276 63 4
276 67 2
276 72 5
276 73 5
276 80 5
276 83 5
276 88 5
276 168 5
276 173 5
276 175 3
276 186 5
276 202 5
276 204 5
276 209 5
276 211 3
276 216 4
276 232 5
276 238 5
276 239 5
276 288 1
276 294 5
276 300 5
276 328 1
276 343 5
276 367 5
276 386 5
276 435 5
276 579 5
276 648 5
276 655 4
276 692 3
276 710 5
276 712 3
276 715 4
276 734 5
276 738 1
276 748 5
276 765 5
276 781 5
276 790 5
276 792 2
276 890 5
276 944 5
276 999 5
277 20 5
277 25 1
277 36 5
277 49 5
277 88 5
277 90 5
277 237 5
277 255 5
277 282 4
277 289 2
277 294 5
277 369 1
277 553 5
277 709 5
277 722 4
277 731 5
277 732 5
277 756 3
277 781 5
277 846 5
278 1 3
278 7 5
278 17 5
278 23 5
278 26 1
278 28 4
278 40 5
278 42 5
278 48 3
278 50 5
278 65 2
278 69 4
278 72 5
278 77 1
278 79 1
278 81 5
278 93 5
278 98 4
278 111 4
278 122 5
278 134 5
278 143 1
278 145 5
278 151 5
278 160 1
278 161 5
278 188 5
278 196 1
278 216 4
278 218 5
278 219 5
278 222 5
278 231 5
278 237 5
278 238 5
278 255 5
278 276 5
278 282 3
278 288 2
278 300 5
278 318 5
278 327 4
278 340 1
278 350 5
278 354 3
278 357 1
278 367 5
278 369 1
278 381 5
278 392 4
278 403 1
278 410 4
278 412 5
278 427 2
278 447 5
278 451 1
278 467 5
278 469 5
278 518 3
278 568 3
278 591 5
278 604 5
278 616 4
278 655 4
278 658 5
278 673 5
278 684 2
278 743 4
278 763 2
278 843 5
278 866 2
278 959 5
278 975 5
279 1 3
279 8 5
279 24 3
279 28 2
279 31 2
279 50 5
279 54 5
279 55 2
279 58 1
279 66 4
279 70 5
279 71 5
279 79 2
279 82 5
279 88 5
279 89 5
279 95 3
279 96 5
279 97 1
279 100 5
279 101 5
279 108 5
279 111 5
279 117 5
279 118 4
279 121 5
279 122 5
279 127 5
279 133 5
279 135 5
279 144 5
279 147 1
279 148 5
279 153 2
279 161 5
279 164 5
279 168 5
279 172 5
279 173 5
279 174 5
279 175 3
279 176 5
279 177 5
279 179 4
279 180 5
279 181 5
279 182 5
279 183 3
279 185 3
279 187 5
279 188 5
279 189 2
279 190 5
279 195 5
279 197 5
279 198 5
279 201 5
279 204 5
279 209 5
279 210 5
279 211 2
279 213 5
279 215 2
279 216 3
279 228 4
279 230 5
279 241 5
279 248 1
279 249 4
279 255 4
279 257 5
279 258 5
279 261 5
279 264 5
279 265 5
279 266 5
279 270 5
279 272 5
279 274 5
279 281 5
279 282 3
279 286 4
279 288 1
279 294 5
279 295 5
279 298 1
279 300 5
279 304 5
279 325 5
279 328 1
279 356 4
279 358 3
279 380 5
279 385 5
279 398 1
279 405 3
279 421 5
279 422 5
279 423 4
279 436 5
279 455 5
279 463 5
279 472 4
279 479 5
279 483 5
279 489 2
279 510 5
279 511 1
279 523 5
279 526 5
279 528 5
279 535 4
279 546 5
279 566 3
279 588 1
279 602 5
279 604 5
279 616 4
279 629 5
279 632 5
279 640 5
279 651 5
279 655 4
279 680 5
279 688 5
279 692 3
279 727 5
279 732 5
279 739 5
279 748 5
279 751 5
279 752 5
279 840 3
279 879 5
279 931 3
279 945 5
280 8 5
280 12 5
280 64 5
280 89 5
280 96 5
280 100 5
280 114 1
280 127 5
280 165 4
280 172 5
280 174 5
280 175 4
280 183 5
280 190 5
280 191 5
280 213 5
280 234 5
280 237 5
280 257 5
280 258 5
280 265 5
280 272 5
280 298 1
280 347 2
280 462 5
280 479 5
280 483 5
280 504 5
280 510 5
280 511 2
280 517 3
280 603 1
280 615 2
280 642 5
280 661 5
280 705 5
280 863 5
281 4 5
281 42 5
281 50 5
281 66 5
281 70 5
281 86 5
281 100 5
281 153 2
281 163 5
281 173 5
281 190 4
281 197 5
281 204 5
281 207 5
281 210 5
281 216 4
281 283 4
281 313 5
281 318 5
281 322 5
281 367 5
281 427 2
281 430 2
281 479 5
281 484 2
281 505 5
281 507 2
281 524 5
281 648 5
281 650 5
281 659 3
281 678 5
281 692 3
281 780 3
282 127 5
282 257 5
282 269 5
282 288 2
282 295 5
282 298 1
282 311 1
282 315 2
282 346 5
282 876 4
282 881 5
282 988 5
283 1 4
283 12 5
283 20 5
283 99 5
283 107 1
283 109 5
283 116 5
283 121 5
283 151 5
283 180 5
283 195 5
283 197 4
283 199 5
283 229 5
283 230 5
283 250 5
283 257 5
283 270 5
283 271 5
283 274 5
283 275 5
283 277 5
283 286 4
283 290 5
283 313 5
283 318 5
283 365 5
283 380 5
283 405 2
283 449 5
283 450 5
283 462 5
283 480 5
283 538 5
283 582 5
283 612 5
283 743 5
283 900 5
284 1 3
284 7 5
284 9 5
284 15 5
284 24 4
284 25 1
284 28 2
284 29 5
284 50 5
284 51 3
284 53 2
284 56 2
284 69 4
284 70 5
284 71 5
284 73 5
284 79 3
284 82 5
284 94 5
284 96 5
284 97 1
284 98 5
284 111 4
284 122 5
284 135 5
284 136 5
284 141 5
284 143 1
284 144 5
284 150 5
284 151 5
284 168 5
284 173 5
284 174 5
284 181 5
284 195 5
284 202 5
284 204 5
284 216 4
284 222 5
284 227 5
284 229 5
284 234 5
284 235 5
284 237 5
284 248 1
284 250 5
284 252 5
284 255 5
284 257 5
284 258 5
284 274 5
284 275 5
284 293 5
284 294 5
284 300 5
284 313 5
284 315 2
284 318 5
284 343 5
284 385 5
284 392 3
284 399 5
284 405 3
284 419 1
284 422 5
284 427 2
284 431 5
284 449 5
284 451 2
284 463 5
284 472 4
284 510 5
284 550 3
284 554 5
284 560 5
284 562 5
284 568 3
284 578 5
284 588 1
284 597 5
284 625 2
284 651 5
284 655 4
284 665 5
284 679 5
284 692 3
284 699 5
284 746 5
284 778 5
284 823 5
284 829 5
284 849 5
284 879 5
284 924 5
284 926 5
285 288 1
285 289 1
285 303 5
285 307 5
285 313 5
285 319 2
285 321 5
285 326 5
285 330 5
285 347 2
285 748 5
286 1 3
286 3 5
286 7 5
286 10 5
286 13 5
286 14 1
286 15 4
286 93 5
286 109 5
286 111 5
286 121 5
286 123 5
286 124 2
286 125 1
286 127 5
286 129 1
286 137 4
286 146 1
286 147 2
286 150 5
286 151 5
286 181 5
286 220 4
286 221 1
286 235 5
286 236 5
286 237 5
286 245 5
286 248 2
286 250 5
286 255 2
286 257 5
286 258 5
286 262 4
286 264 2
286 270 5
286 273 3
286 275 5
286 276 4
286 277 4
286 280 2
286 282 2
286 284 5
286 285 3
286 286 4
286 287 5
286 295 3
286 298 2
286 299 4
286 300 5
286 305 4
286 319 4
286 321 5
286 322 5
286 327 1
286 331 1
286 332 3
286 333 5
286 460 5
286 471 2
286 475 2
286 476 1
286 508 5
286 591 4
286 595 5
286 597 3
286 620 3
286 628 5
286 678 4
286 689 5
286 690 2
286 696 5
286 717 3
286 718 3
286 742 2
286 748 5
286 762 1
286 766 2
286 818 1
286 823 5
286 846 5
286 864 4
286 872 4
286 874 1
286 879 3
286 880 2
286 882 1
286 886 3
286 887 4
286 924 5
286 935 5
286 936 5
286 975 4
286 994 1
286 995 5
287 1 3
287 2 5
287 3 5
287 4 5
287 12 4
287 17 2
287 25 1
287 28 2
287 31 2
287 38 5
287 42 5
287 43 3
287 45 5
287 48 2
287 49 5
287 50 5
287 55 3
287 58 1
287 66 3
287 68 5
287 69 5
287 71 5
287 73 4
287 76 5
287 77 2
287 79 2
287 81 5
287 82 5
287 87 5
287 88 5
287 92 5
287 95 4
287 96 5
287 97 3
287 99 5
287 100 5
287 111 4
287 117 5
287 121 5
287 125 3
287 128 3
287 133 5
287 136 5
287 140 3
287 143 1
287 144 5
287 150 5
287 160 2
287 161 5
287 172 5
287 174 4
287 176 5
287 179 4
287 181 5
287 183 5
287 188 5
287 191 5
287 194 5
287 195 5
287 196 2
287 202 5
287 206 3
287 215 4
287 216 5
287 218 5
287 222 5
287 226 1
287 227 5
287 230 5
287 232 5
287 237 4
287 239 5
287 249 5
287 252 5
287 255 4
287 257 5
287 258 5
287 259 5
287 260 5
287 265 5
287 270 5
287 272 5
287 273 1
287 276 5
287 280 2
287 282 4
287 286 4
287 288 1
287 289 1
287 293 5
287 294 5
287 298 1
287 300 5
287 318 5
287 333 5
287 347 2
287 356 5
287 366 5
287 367 4
287 378 5
287 402 5
287 411 5
287 412 5
287 423 4
287 432 5
287 455 5
287 462 5
287 470 2
287 471 3
287 474 3
287 501 4
287 540 5
287 541 1
287 546 5
287 549 2
287 550 2
287 566 4
287 572 5
287 578 5
287 588 2
287 591 5
287 596 5
287 597 5
287 620 5
287 627 5
287 628 5
287 651 4
287 652 1
287 658 5
287 672 4
287 679 5
287 684 4
287 685 1
287 686 1
287 692 3
287 710 4
287 713 5
287 727 5
287 732 5
287 735 2
287 739 5
287 742 1
287 747 5
287 748 5
287 768 4
287 772 1
287 779 1
287 781 5
287 790 5
287 794 5
287 820 5
287 823 4
287 833 5
287 845 5
287 921 5
287 932 5
287 939 2
287 941 5
287 955 3
287 956 5
287 978 5
288 1 2
288 8 5
288 9 5
288 11 5
288 22 5
288 28 3
288 33 5
288 58 1
288 64 5
288 69 4
288 70 5
288 83 4
288 87 5
288 96 5
288 98 3
288 111 5
288 133 5
288 135 5
288 154 1
288 164 5
288 168 5
288 172 5
288 173 5
288 176 5
288 180 4
288 181 5
288 182 5
288 183 4
288 185 3
288 186 5
288 190 5
288 196 1
288 198 5
288 199 5
288 200 5
288 203 4
288 207 5
288 208 5
288 210 5
288 211 3
288 222 5
288 228 4
288 230 5
288 238 4
288 243 1
288 245 5
288 258 5
288 260 5
288 265 5
288 269 5
288 289 1
288 292 5
288 299 4
288 304 5
288 318 5
288 328 1
288 333 5
288 357 2
288 358 3
288 385 5
288 405 2
288 414 5
288 419 2
288 429 5
288 434 5
288 468 2
288 474 2
288 480 5
288 485 5
288 491 5
288 493 5
288 496 5
288 498 5
288 500 5
288 510 5
288 511 2
288 514 5
288 515 5
288 520 5
288 521 5
288 523 5
288 526 5
288 527 3
288 568 3
288 605 3
288 612 5
288 655 5
288 659 3
288 662 1
288 692 2
288 707 5
288 724 5
288 732 5
288 748 5
288 776 5
288 845 5
288 880 2
288 890 5
289 243 1
289 258 5
289 259 4
289 260 5
289 261 5
289 263 5
289 264 2
289 266 5
289 268 1
289 270 5
289 271 3
289 272 4
289 286 4
289 288 1
289 289 1
289 292 4
289 294 5
289 301 4
289 302 5
289 303 5
289 308 1
289 310 5
289 313 5
289 315 1
289 316 5
289 321 5
289 324 1
289 325 5
289 326 5
289 327 4
289 330 5
289 331 4
289 332 5
289 333 5
289 334 5
289 339 2
289 340 1
289 342 5
289 343 3
289 349 5
289 353 3
289 355 5
289 358 3
289 457 5
289 538 5
289 539 5
289 678 4
289 681 5
289 682 5
289 687 3
289 689 4
289 750 5
289 751 5
289 752 5
289 872 5
289 873 5
289 874 5
289 875 5
289 881 5
289 883 5
289 887 5
289 890 5
289 892 3
289 902 3
289 908 5
289 948 4
289 988 5
289 989 2
289 991 5
290 1 5
290 7 5
290 9 5
290 15 5
290 50 5
290 93 5
290 117 5
290 124 5
290 126 1
290 127 5
290 150 5
290 151 5
290 181 5
290 224 5
290 237 5
290 246 5
290 257 5
290 258 5
290 273 3
290 277 5
290 284 5
290 286 5
290 292 5
290 293 5
290 298 1
290 302 5
290 333 5
290 410 2
290 475 2
290 515 5
290 596 5
290 764 4
290 847 5
290 919 5
290 926 5
290 993 5
291 7 5
291 19 5
291 45 5
291 100 5
291 124 5
291 129 1
291 236 5
291 237 5
291 258 5
291 273 4
291 286 5
291 340 1
291 475 3
291 657 4
291 900 5
292 45 5
292 56 1
292 64 5
292 69 4
292 83 5
292 97 1
292 100 5
292 124 5
292 127 5
292 134 5
292 137 5
292 185 3
292 186 5
292 187 2
292 192 5
292 193 5
292 205 5
292 221 3
292 242 5
292 285 5
292 286 5
292 318 5
292 479 5
292 482 5
292 483 5
292 492 2
292 511 3
292 523 5
292 527 4
292 531 5
292 654 5
292 657 4
292 772 1
292 923 5
293 1 4
293 7 5
293 11 5
293 12 3
293 22 5
293 24 3
293 48 4
293 50 5
293 56 3
293 59 5
293 60 5
293 61 5
293 65 2
293 69 5
293 71 5
293 79 2
293 82 5
293 91 5
293 95 3
293 96 5
293 98 4
293 100 5
293 115 2
293 117 4
293 118 4
293 121 4
293 124 5
293 127 5
293 150 5
293 156 3
293 168 5
293 171 5
293 172 5
293 173 5
293 174 4
293 175 3
293 176 5
293 180 5
293 181 5
293 182 5
293 183 5
293 188 5
293 191 5
293 192 5
293 195 5
293 196 1
293 201 5
293 209 5
293 210 5
293 222 5
293 234 5
293 235 5
293 238 5
293 239 5
293 250 5
293 252 5
293 257 5
293 258 5
293 260 5
293 264 4
293 265 5
293 271 3
293 273 3
293 275 5
293 284 5
293 288 1
293 298 2
293 300 5
293 318 5
293 323 5
293 327 5
293 328 1
293 343 4
293 357 1
293 369 1
293 405 4
293 411 5
293 423 3
293 431 5
293 455 5
293 462 5
293 475 1
293 483 5
293 527 4
293 528 5
293 546 5
293 550 2
293 597 5
293 647 5
293 652 5
293 684 2
293 687 5
293 693 1
293 742 1
293 746 5
293 751 5
293 754 5
293 762 3
293 763 3
293 876 5
293 886 5
293 890 5
293 925 4
294 1 3
294 9 5
294 15 5
294 64 5
294 65 2
294 86 5
294 98 4
294 100 5
294 126 1
294 174 5
294 183 5
294 191 5
294 194 5
294 222 5
294 237 5
294 286 4
294 289 1
294 294 5
294 322 5
294 357 1
294 479 5
294 507 2
294 528 5
294 748 5
294 924 5
295 2 5
295 4 5
295 11 5
295 29 5
295 44 5
295 50 5
295 53 1
295 54 5
295 56 2
295 62 5
295 64 5
295 68 5
295 69 5
295 71 5
295 79 2
295 84 5
295 86 5
295 88 5
295 89 5
295 90 5
295 91 5
295 94 5
295 95 3
295 98 5
295 101 5
295 109 5
295 120 5
295 127 5
295 132 5
295 133 5
295 139 5
295 140 2
295 144 5
295 145 5
295 147 1
295 153 2
295 155 5
295 157 3
295 158 2
295 161 5
295 162 5
295 163 4
295 167 5
295 168 5
295 172 5
295 173 5
295 174 5
295 176 5
295 179 4
295 181 5
295 184 5
295 186 5
295 188 5
295 191 5
295 195 5
295 200 5
295 201 5
295 202 5
295 214 5
295 216 4
295 217 5
295 219 5
295 222 5
295 226 1
295 227 5
295 228 4
295 229 5
295 230 5
295 231 5
295 232 5
295 234 5
295 235 5
295 265 5
295 282 4
295 288 2
295 357 1
295 379 5
295 380 5
295 385 5
295 386 5
295 389 5
295 391 5
295 392 4
295 395 1
295 402 5
295 403 1
295 404 3
295 413 5
295 416 5
295 417 2
295 421 5
295 423 3
295 431 5
295 433 4
295 435 5
295 444 3
295 447 5
295 449 5
295 452 5
295 465 5
295 470 3
295 472 4
295 478 5
295 479 5
295 496 5
295 501 2
295 504 5
295 505 5
295 507 1
295 523 5
295 550 2
295 559 1
295 566 5
295 575 5
295 581 5
295 616 2
295 622 5
295 629 5
295 642 5
295 650 5
295 658 5
295 660 5
295 665 5
295 671 3
295 674 5
295 679 5
295 684 3
295 705 5
295 732 5
295 742 1
295 768 4
295 770 5
295 790 5
295 796 2
295 797 4
295 831 5
295 843 5
295 924 5
295 944 5
296 7 5
296 10 5
296 17 5
296 33 5
296 38 5
296 39 5
296 42 5
296 50 5
296 53 2
296 56 1
296 64 5
296 77 1
296 87 5
296 96 5
296 97 1
296 98 3
296 99 5
296 109 5
296 132 5
296 133 5
296 135 5
296 136 5
296 141 5
296 142 5
296 143 1
296 147 1
296 150 5
296 154 5
296 156 2
296 158 4
296 164 5
296 172 5
296 173 5
296 181 5
296 183 5
296 186 5
296 204 5
296 222 5
296 227 5
296 228 3
296 229 5
296 246 5
296 268 2
296 288 2
296 318 5
296 356 5
296 378 5
296 380 5
296 393 1
296 417 2
296 418 5
296 420 1
296 421 5
296 433 5
296 469 5
296 480 5
296 484 2
296 485 5
296 509 2
296 526 5
296 528 5
296 532 5
296 554 5
296 561 5
296 607 5
296 625 1
296 633 3
296 727 5
296 743 5
296 746 5
296 774 5
296 825 3
296 921 5
297 1 1
297 2 3
297 3 5
297 11 5
297 12 5
297 13 5
297 19 5
297 24 5
297 25 2
297 28 1
297 31 2
297 38 3
297 39 4
297 54 5
297 56 2
297 66 5
297 67 3
297 70 5
297 71 5
297 72 5
297 77 2
297 79 1
297 80 3
297 87 5
297 89 5
297 94 3
297 95 3
297 96 5
297 97 1
297 98 1
297 99 5
297 100 5
297 101 5
297 105 5
297 108 5
297 109 5
297 114 4
297 118 5
297 122 5
297 127 5
297 139 5
297 145 3
297 152 4
297 153 1
297 155 5
297 161 5
297 163 5
297 164 5
297 167 5
297 168 5
297 173 5
297 174 3
297 175 5
297 181 5
297 183 1
297 185 3
297 186 5
297 187 3
297 188 3
297 189 4
297 194 5
297 195 4
297 197 4
297 202 5
297 204 4
297 208 5
297 217 3
297 222 5
297 225 5
297 227 5
297 228 1
297 229 3
297 230 4
297 233 4
297 234 5
297 240 3
297 242 5
297 248 1
297 250 5
297 252 5
297 257 5
297 258 5
297 260 5
297 268 1
297 273 5
297 274 5
297 288 1
297 291 5
297 325 5
297 358 5
297 363 5
297 364 1
297 373 3
297 381 5
297 382 1
297 384 3
297 385 5
297 386 4
297 393 1
297 395 4
297 399 4
297 403 1
297 405 1
297 407 5
297 408 3
297 412 5
297 418 5
297 423 2
297 431 4
297 432 4
297 451 1
297 452 5
297 455 5
297 465 5
297 472 5
297 475 4
297 501 3
297 508 5
297 510 5
297 526 5
297 540 5
297 545 5
297 549 2
297 550 1
297 552 5
297 559 2
297 562 5
297 566 1
297 568 1
297 570 4
297 575 2
297 577 3
297 578 5
297 588 1
297 590 4
297 597 5
297 603 1
297 625 1
297 627 5
297 645 5
297 651 3
297 652 4
297 655 4
297 657 4
297 679 5
297 692 1
297 716 5
297 721 5
297 722 1
297 724 5
297 731 5
297 741 1
297 748 5
297 758 5
297 765 5
297 771 1
297 780 1
297 781 5
297 783 1
297 790 5
297 792 2
297 797 2
297 802 1
297 808 5
297 809 5
297 810 4
297 840 5
297 849 5
297 864 1
297 940 1
297 943 5
297 1000 1
298 10 5
298 11 5
298 12 5
298 23 5
298 32 5
298 50 5
298 53 2
298 54 5
298 56 1
298 59 5
298 61 5
298 79 1
298 83 5
298 89 5
298 98 3
298 121 5
298 124 5
298 127 5
298 136 5
298 137 5
298 144 5
298 150 5
298 151 5
298 156 2
298 160 1
298 164 5
298 168 5
298 171 5
298 172 5
298 175 4
298 176 5
298 182 5
298 183 5
298 186 5
298 187 4
298 191 5
298 192 5
298 197 4
298 202 5
298 203 5
298 204 5
298 210 5
298 218 5
298 222 5
298 228 3
298 229 5
298 258 5
298 262 5
298 271 5
298 275 5
298 288 2
298 293 3
298 302 5
298 340 1
298 381 5
298 425 5
298 435 5
298 443 5
298 447 5
298 448 5
298 449 5
298 464 5
298 474 1
298 475 3
298 483 5
298 484 1
298 486 5
298 489 2
298 512 5
298 515 5
298 522 5
298 525 5
298 548 5
298 554 5
298 558 5
298 594 3
298 607 5
298 628 5
298 631 4
298 649 5
298 652 5
298 656 5
298 664 5
298 675 5
298 693 2
298 754 5
298 772 2
298 806 5
298 887 5
298 919 5
298 922 5
298 933 5
298 985 5
299 7 5
299 8 5
299 11 5
299 12 5
299 50 5
299 69 4
299 87 5
299 97 1
299 117 5
299 132 5
299 153 2
299 157 3
299 176 5
299 177 5
299 181 5
299 182 5
299 183 5
299 191 5
299 193 5
299 194 5
299 198 5
299 202 5
299 207 5
299 210 5
299 213 5
299 215 1
299 238 5
299 251 1
299 271 5
299 272 5
299 275 5
299 295 5
299 300 5
299 301 3
299 312 1
299 313 5
299 318 5
299 326 5
299 357 1
299 414 5
299 425 5
299 427 1
299 463 5
299 474 2
299 482 5
299 483 5
299 484 2
299 486 5
299 497 5
299 511 1
299 514 5
299 516 3
299 520 4
299 521 4
299 530 3
299 539 5
299 605 3
299 651 5
299 657 3
299 661 5
299 663 1
299 690 3
299 692 3
299 742 1
299 750 5
299 879 5
299 886 5
299 887 5
299 902 3
300 1 3
300 3 5
300 8 5
300 9 5
300 15 5
300 25 1
300 28 2
300 30 3
300 39 3
300 42 5
300 43 2
300 44 5
300 45 5
300 50 5
300 56 3
300 58 1
300 59 4
300 61 5
300 62 5
300 69 5
300 70 5
300 72 5
300 77 1
300 83 5
300 88 5
300 89 5
300 94 5
300 97 3
300 98 3
300 100 5
300 116 5
300 118 4
300 120 5
300 125 3
300 129 1
300 133 5
300 135 5
300 143 1
300 147 1
300 159 5
300 164 5
300 172 5
300 175 2
300 179 4
300 181 5
300 196 2
300 204 5
300 208 5
300 210 5
300 211 3
300 216 5
300 217 5
300 223 5
300 234 5
300 235 5
300 238 5
300 244 1
300 245 5
300 246 2
300 250 5
300 252 5
300 255 4
300 257 4
300 268 2
300 274 5
300 275 5
300 276 5
300 281 4
300 282 3
300 283 5
300 284 5
300 285 4
300 287 5
300 294 5
300 298 2
300 300 5
300 301 4
300 304 4
300 316 5
300 319 3
300 325 5
300 381 5
300 386 5
300 387 5
300 393 1
300 396 1
300 405 3
300 407 5
300 412 5
300 421 5
300 448 5
300 464 5
300 469 5
300 471 2
300 472 3
300 475 1
300 476 1
300 479 5
300 498 5
300 509 2
300 514 5
300 517 2
300 522 5
300 529 5
300 531 5
300 535 4
300 553 5
300 559 1
300 568 3
300 569 5
300 584 5
300 611 5
300 619 5
300 639 5
300 640 5
300 660 3
300 662 2
300 665 5
300 699 5
300 709 5
300 714 5
300 721 5
300 729 1
300 735 2
300 739 5
300 742 2
300 762 3
300 768 4
300 775 5
300 780 3
300 781 5
300 815 5
300 821 5
300 827 5
300 836 5
300 845 5
300 930 5
300 964 5
300 971 5
300 988 5
300 996 5
